  0.1000E+01  0.1000E+08  0.2890E-04  0.2890E-04  0.2900E-04  0.2900E-04
  0.3000E+01  0.1000E+08  0.2410E-04  0.2470E-04  0.2480E-04  0.2480E-04
  0.5000E+01  0.1000E+08  0.1930E-04  0.2040E-04  0.2070E-04  0.2070E-04
  0.7000E+01  0.1000E+08  0.1920E-04  0.1970E-04  0.2010E-04  0.2010E-04
  0.1000E+02  0.1000E+08  0.1120E-04  0.1220E-04  0.1280E-04  0.1290E-04
  0.1200E+02  0.1000E+08  0.1210E-04  0.1430E-04  0.1470E-04  0.1490E-04
  0.1500E+02  0.1000E+08  0.7700E-05  0.9000E-05  0.9300E-05  0.9300E-05
  0.1700E+02  0.1000E+08  0.7100E-05  0.8200E-05  0.8900E-05  0.8900E-05
  0.2000E+02  0.1000E+08  0.6300E-05  0.7500E-05  0.7800E-05  0.7900E-05
  0.2500E+02  0.1000E+08  0.3300E-05  0.4500E-05  0.4600E-05  0.4600E-05
  0.1000E+01  0.1780E+08  0.6710E-04  0.6720E-04  0.6730E-04  0.6740E-04
  0.3000E+01  0.1780E+08  0.5990E-04  0.6110E-04  0.6150E-04  0.6160E-04
  0.5000E+01  0.1780E+08  0.4520E-04  0.4810E-04  0.4900E-04  0.4930E-04
  0.7000E+01  0.1780E+08  0.3830E-04  0.4230E-04  0.4400E-04  0.4410E-04
  0.1000E+02  0.1780E+08  0.2410E-04  0.2850E-04  0.2980E-04  0.3000E-04
  0.1200E+02  0.1780E+08  0.2070E-04  0.2500E-04  0.2570E-04  0.2600E-04
  0.1500E+02  0.1780E+08  0.1470E-04  0.1920E-04  0.1990E-04  0.1990E-04
  0.1700E+02  0.1780E+08  0.9400E-05  0.1360E-04  0.1470E-04  0.1470E-04
  0.2000E+02  0.1780E+08  0.7500E-05  0.1000E-04  0.1040E-04  0.1090E-04
  0.2500E+02  0.1780E+08  0.3400E-05  0.5900E-05  0.6300E-05  0.6500E-05
  0.1000E+01  0.3160E+08  0.1652E-03  0.1662E-03  0.1662E-03  0.1662E-03
  0.3000E+01  0.3160E+08  0.1307E-03  0.1365E-03  0.1379E-03  0.1382E-03
  0.5000E+01  0.3160E+08  0.9490E-04  0.1039E-03  0.1054E-03  0.1061E-03
  0.7000E+01  0.3160E+08  0.7430E-04  0.8370E-04  0.8760E-04  0.8860E-04
  0.1000E+02  0.3160E+08  0.4400E-04  0.5550E-04  0.5820E-04  0.5880E-04
  0.1200E+02  0.3160E+08  0.3040E-04  0.3900E-04  0.4170E-04  0.4280E-04
  0.1500E+02  0.3160E+08  0.2140E-04  0.3040E-04  0.3240E-04  0.3240E-04
  0.1700E+02  0.3160E+08  0.1850E-04  0.2530E-04  0.2780E-04  0.2850E-04
  0.2000E+02  0.3160E+08  0.1110E-04  0.1710E-04  0.1920E-04  0.2000E-04
  0.2500E+02  0.3160E+08  0.5700E-05  0.9500E-05  0.1040E-04  0.1050E-04
  0.1000E+01  0.5620E+08  0.3486E-03  0.3508E-03  0.3514E-03  0.3515E-03
  0.3000E+01  0.5620E+08  0.2537E-03  0.2671E-03  0.2708E-03  0.2717E-03
  0.5000E+01  0.5620E+08  0.1811E-03  0.2006E-03  0.2065E-03  0.2087E-03
  0.7000E+01  0.5620E+08  0.1257E-03  0.1478E-03  0.1530E-03  0.1539E-03
  0.1000E+02  0.5620E+08  0.7540E-04  0.9390E-04  0.9850E-04  0.9940E-04
  0.1200E+02  0.5620E+08  0.5230E-04  0.6860E-04  0.7440E-04  0.7590E-04
  0.1500E+02  0.5620E+08  0.3230E-04  0.4770E-04  0.5170E-04  0.5250E-04
  0.1700E+02  0.5620E+08  0.2050E-04  0.3360E-04  0.3810E-04  0.3950E-04
  0.2000E+02  0.5620E+08  0.1220E-04  0.2230E-04  0.2540E-04  0.2670E-04
  0.2500E+02  0.5620E+08  0.6300E-05  0.1240E-04  0.1510E-04  0.1590E-04
  0.1000E+01  0.1000E+09  0.7287E-03  0.7368E-03  0.7402E-03  0.7411E-03
  0.3000E+01  0.1000E+09  0.5117E-03  0.5440E-03  0.5531E-03  0.5546E-03
  0.5000E+01  0.1000E+09  0.3305E-03  0.3780E-03  0.3897E-03  0.3921E-03
  0.7000E+01  0.1000E+09  0.1888E-03  0.2329E-03  0.2464E-03  0.2504E-03
  0.1000E+02  0.1000E+09  0.9910E-04  0.1353E-03  0.1456E-03  0.1480E-03
  0.1200E+02  0.1000E+09  0.6340E-04  0.9240E-04  0.1037E-03  0.1062E-03
  0.1500E+02  0.1000E+09  0.3370E-04  0.5510E-04  0.6210E-04  0.6420E-04
  0.1700E+02  0.1000E+09  0.2370E-04  0.4160E-04  0.4780E-04  0.5000E-04
  0.2000E+02  0.1000E+09  0.1470E-04  0.2950E-04  0.3510E-04  0.3630E-04
  0.2500E+02  0.1000E+09  0.3500E-05  0.1040E-04  0.1450E-04  0.1590E-04
  0.1000E+01  0.1780E+09  0.1345E-02  0.1361E-02  0.1366E-02  0.1367E-02
  0.3000E+01  0.1780E+09  0.8749E-03  0.9331E-03  0.9496E-03  0.9548E-03
  0.5000E+01  0.1780E+09  0.5289E-03  0.6047E-03  0.6278E-03  0.6355E-03
  0.7000E+01  0.1780E+09  0.2715E-03  0.3424E-03  0.3632E-03  0.3702E-03
  0.1000E+02  0.1780E+09  0.1322E-03  0.1835E-03  0.1970E-03  0.2013E-03
  0.1200E+02  0.1780E+09  0.7990E-04  0.1237E-03  0.1391E-03  0.1446E-03
  0.1500E+02  0.1780E+09  0.3730E-04  0.6790E-04  0.7900E-04  0.8240E-04
  0.1700E+02  0.1780E+09  0.2140E-04  0.4630E-04  0.5540E-04  0.5850E-04
  0.2000E+02  0.1780E+09  0.1410E-04  0.3120E-04  0.3820E-04  0.3960E-04
  0.2500E+02  0.1780E+09  0.3600E-05  0.1220E-04  0.1610E-04  0.1790E-04
  0.1000E+01  0.3160E+09  0.2558E-02  0.2595E-02  0.2605E-02  0.2610E-02
  0.3000E+01  0.3160E+09  0.1435E-02  0.1554E-02  0.1588E-02  0.1599E-02
  0.5000E+01  0.3160E+09  0.7764E-03  0.8979E-03  0.9405E-03  0.9503E-03
  0.7000E+01  0.3160E+09  0.3382E-03  0.4407E-03  0.4723E-03  0.4817E-03
  0.1000E+02  0.3160E+09  0.1300E-03  0.2013E-03  0.2276E-03  0.2352E-03
  0.1200E+02  0.3160E+09  0.6930E-04  0.1205E-03  0.1408E-03  0.1470E-03
  0.1500E+02  0.3160E+09  0.2750E-04  0.5810E-04  0.7190E-04  0.7650E-04
  0.1700E+02  0.3160E+09  0.1720E-04  0.4270E-04  0.5470E-04  0.5760E-04
  0.2000E+02  0.3160E+09  0.7500E-05  0.2240E-04  0.2970E-04  0.3250E-04
  0.2500E+02  0.3160E+09  0.1900E-05  0.8700E-05  0.1280E-04  0.1400E-04
  0.1000E+01  0.5620E+09  0.4108E-02  0.4168E-02  0.4186E-02  0.4192E-02
  0.3000E+01  0.5620E+09  0.2128E-02  0.2299E-02  0.2353E-02  0.2370E-02
  0.5000E+01  0.5620E+09  0.1027E-02  0.1211E-02  0.1269E-02  0.1286E-02
  0.7000E+01  0.5620E+09  0.4038E-03  0.5392E-03  0.5882E-03  0.6009E-03
  0.1000E+02  0.5620E+09  0.1258E-03  0.2038E-03  0.2317E-03  0.2396E-03
  0.1200E+02  0.5620E+09  0.6320E-04  0.1191E-03  0.1407E-03  0.1475E-03
  0.1500E+02  0.5620E+09  0.2340E-04  0.6150E-04  0.7800E-04  0.8340E-04
  0.1700E+02  0.5620E+09  0.1220E-04  0.3900E-04  0.5220E-04  0.5710E-04
  0.2000E+02  0.5620E+09  0.5900E-05  0.2200E-04  0.3290E-04  0.3750E-04
  0.2500E+02  0.5620E+09  0.7000E-06  0.7700E-05  0.1310E-04  0.1590E-04
  0.1000E+01  0.1000E+10  0.6723E-02  0.6820E-02  0.6853E-02  0.6864E-02
  0.3000E+01  0.1000E+10  0.2887E-02  0.3144E-02  0.3227E-02  0.3255E-02
  0.5000E+01  0.1000E+10  0.1154E-02  0.1389E-02  0.1465E-02  0.1488E-02
  0.7000E+01  0.1000E+10  0.3605E-03  0.5160E-03  0.5676E-03  0.5835E-03
  0.1000E+02  0.1000E+10  0.9202E-04  0.1801E-03  0.2135E-03  0.2235E-03
  0.1200E+02  0.1000E+10  0.3985E-04  0.9920E-04  0.1236E-03  0.1314E-03
  0.1500E+02  0.1000E+10  0.1289E-04  0.4892E-04  0.6623E-04  0.7179E-04
  0.1700E+02  0.1000E+10  0.6330E-05  0.3086E-04  0.4496E-04  0.4977E-04
  0.2000E+02  0.1000E+10  0.2540E-05  0.1694E-04  0.2733E-04  0.3075E-04
  0.2500E+02  0.1000E+10  0.3800E-06  0.6030E-05  0.1127E-04  0.1330E-04
  0.1000E+01  0.1780E+10  0.9653E-02  0.9792E-02  0.9839E-02  0.9855E-02
  0.3000E+01  0.1780E+10  0.3639E-02  0.3978E-02  0.4092E-02  0.4130E-02
  0.5000E+01  0.1780E+10  0.1263E-02  0.1549E-02  0.1645E-02  0.1675E-02
  0.7000E+01  0.1780E+10  0.3291E-03  0.5035E-03  0.5610E-03  0.5784E-03
  0.1000E+02  0.1780E+10  0.7113E-04  0.1610E-03  0.1958E-03  0.2072E-03
  0.1200E+02  0.1780E+10  0.2723E-04  0.8716E-04  0.1139E-03  0.1224E-03
  0.1500E+02  0.1780E+10  0.7620E-05  0.4092E-04  0.5879E-04  0.6476E-04
  0.1700E+02  0.1780E+10  0.3420E-05  0.2654E-04  0.4138E-04  0.4598E-04
  0.2000E+02  0.1780E+10  0.1100E-05  0.1452E-04  0.2503E-04  0.2880E-04
  0.2500E+02  0.1780E+10  0.2100E-06  0.5630E-05  0.1123E-04  0.1355E-04
  0.1000E+01  0.3160E+10  0.1412E-01  0.1432E-01  0.1439E-01  0.1442E-01
  0.3000E+01  0.3160E+10  0.4143E-02  0.4564E-02  0.4710E-02  0.4758E-02
  0.5000E+01  0.3160E+10  0.1127E-02  0.1453E-02  0.1559E-02  0.1593E-02
  0.7000E+01  0.3160E+10  0.2265E-03  0.4007E-03  0.4610E-03  0.4802E-03
  0.1000E+02  0.3160E+10  0.3786E-04  0.1226E-03  0.1589E-03  0.1704E-03
  0.1200E+02  0.3160E+10  0.1289E-04  0.6894E-04  0.9555E-04  0.1035E-03
  0.1500E+02  0.3160E+10  0.3580E-05  0.3416E-04  0.5238E-04  0.5862E-04
  0.1700E+02  0.3160E+10  0.1380E-05  0.2244E-04  0.3698E-04  0.4244E-04
  0.2000E+02  0.3160E+10  0.4800E-06  0.1312E-04  0.2352E-04  0.2784E-04
  0.2500E+02  0.3160E+10  0.1100E-06  0.4940E-05  0.1007E-04  0.1256E-04
  0.1000E+01  0.5620E+10  0.1858E-01  0.1885E-01  0.1894E-01  0.1897E-01
  0.3000E+01  0.5620E+10  0.4529E-02  0.5027E-02  0.5200E-02  0.5258E-02
  0.5000E+01  0.5620E+10  0.1005E-02  0.1354E-02  0.1471E-02  0.1508E-02
  0.7000E+01  0.5620E+10  0.1634E-03  0.3396E-03  0.4022E-03  0.4220E-03
  0.1000E+02  0.5620E+10  0.2184E-04  0.1038E-03  0.1420E-03  0.1536E-03
  0.1200E+02  0.5620E+10  0.6690E-05  0.6018E-04  0.8798E-04  0.9728E-04
  0.1500E+02  0.5620E+10  0.1960E-05  0.3177E-04  0.4958E-04  0.5607E-04
  0.1700E+02  0.5620E+10  0.7400E-06  0.2097E-04  0.3593E-04  0.4178E-04
  0.2000E+02  0.5620E+10  0.3600E-06  0.1288E-04  0.2346E-04  0.2760E-04
  0.2500E+02  0.5620E+10  0.3000E-07  0.4270E-05  0.9560E-05  0.1189E-04
  0.1000E+01  0.1000E+11  0.2492E-01  0.2526E-01  0.2539E-01  0.2543E-01
  0.3000E+01  0.1000E+11  0.4319E-02  0.4890E-02  0.5088E-02  0.5155E-02
  0.5000E+01  0.1000E+11  0.7112E-03  0.1067E-02  0.1188E-02  0.1227E-02
  0.7000E+01  0.1000E+11  0.8707E-04  0.2587E-03  0.3219E-03  0.3420E-03
  0.1000E+02  0.1000E+11  0.1013E-04  0.8802E-04  0.1246E-03  0.1359E-03
  0.1200E+02  0.1000E+11  0.3150E-05  0.5276E-04  0.7997E-04  0.8870E-04
  0.1500E+02  0.1000E+11  0.7400E-06  0.2816E-04  0.4680E-04  0.5351E-04
  0.1700E+02  0.1000E+11  0.5100E-06  0.1891E-04  0.3235E-04  0.3734E-04
  0.2000E+02  0.1000E+11  0.1300E-06  0.1181E-04  0.2205E-04  0.2586E-04
  0.2500E+02  0.1000E+11  0.3000E-07  0.4070E-05  0.8890E-05  0.1113E-04
  0.1000E+01  0.1780E+11  0.3064E-01  0.3106E-01  0.3121E-01  0.3127E-01
  0.3000E+01  0.1780E+11  0.4079E-02  0.4710E-02  0.4928E-02  0.5004E-02
  0.5000E+01  0.1780E+11  0.5156E-03  0.8742E-03  0.9995E-03  0.1040E-02
  0.7000E+01  0.1780E+11  0.4948E-04  0.2189E-03  0.2813E-03  0.3012E-03
  0.1000E+02  0.1780E+11  0.5390E-05  0.8016E-04  0.1146E-03  0.1262E-03
  0.1200E+02  0.1780E+11  0.1680E-05  0.4911E-04  0.7570E-04  0.8452E-04
  0.1500E+02  0.1780E+11  0.5900E-06  0.2658E-04  0.4430E-04  0.5081E-04
  0.1700E+02  0.1780E+11  0.2100E-06  0.1800E-04  0.3249E-04  0.3764E-04
  0.2000E+02  0.1780E+11  0.9000E-07  0.1129E-04  0.2101E-04  0.2484E-04
  0.2500E+02  0.1780E+11  0.3000E-07  0.3740E-05  0.8790E-05  0.1103E-04
  0.1000E+01  0.3160E+11  0.3832E-01  0.3885E-01  0.3906E-01  0.3913E-01
  0.3000E+01  0.3160E+11  0.3237E-02  0.3910E-02  0.4143E-02  0.4226E-02
  0.5000E+01  0.3160E+11  0.2935E-03  0.6478E-03  0.7733E-03  0.8134E-03
  0.7000E+01  0.3160E+11  0.2362E-04  0.1857E-03  0.2501E-03  0.2690E-03
  0.1000E+02  0.3160E+11  0.2640E-05  0.7488E-04  0.1107E-03  0.1219E-03
  0.1200E+02  0.3160E+11  0.9800E-06  0.4603E-04  0.7139E-04  0.8050E-04
  0.1500E+02  0.3160E+11  0.2900E-06  0.2505E-04  0.4186E-04  0.4865E-04
  0.1700E+02  0.3160E+11  0.1600E-06  0.1793E-04  0.3161E-04  0.3696E-04
  0.2000E+02  0.3160E+11  0.6000E-07  0.1050E-04  0.1991E-04  0.2388E-04
  0.2500E+02  0.3160E+11  0.0000E+00  0.3580E-05  0.8290E-05  0.1079E-04
  0.1000E+01  0.5620E+11  0.4481E-01  0.4545E-01  0.4569E-01  0.4579E-01
  0.3000E+01  0.5620E+11  0.2637E-02  0.3342E-02  0.3586E-02  0.3671E-02
  0.5000E+01  0.5620E+11  0.1770E-03  0.5258E-03  0.6506E-03  0.6914E-03
  0.7000E+01  0.5620E+11  0.1302E-04  0.1701E-03  0.2348E-03  0.2546E-03
  0.1000E+02  0.5620E+11  0.1630E-05  0.7230E-04  0.1069E-03  0.1186E-03
  0.1200E+02  0.5620E+11  0.4800E-06  0.4529E-04  0.7141E-04  0.7961E-04
  0.1500E+02  0.5620E+11  0.1100E-06  0.2516E-04  0.4256E-04  0.4912E-04
  0.1700E+02  0.5620E+11  0.1000E-06  0.1726E-04  0.3071E-04  0.3612E-04
  0.2000E+02  0.5620E+11  0.3000E-07  0.1041E-04  0.2002E-04  0.2407E-04
  0.2500E+02  0.5620E+11  0.0000E+00  0.3930E-05  0.8150E-05  0.1097E-04
