  0.1000E+01  0.1000E+08  0.3670E-04  0.3670E-04  0.3680E-04  0.3680E-04
  0.3000E+01  0.1000E+08  0.3300E-04  0.3390E-04  0.3420E-04  0.3420E-04
  0.5000E+01  0.1000E+08  0.2840E-04  0.3120E-04  0.3170E-04  0.3170E-04
  0.7000E+01  0.1000E+08  0.2510E-04  0.2660E-04  0.2760E-04  0.2810E-04
  0.1000E+02  0.1000E+08  0.1490E-04  0.1730E-04  0.1850E-04  0.1870E-04
  0.1200E+02  0.1000E+08  0.1360E-04  0.1660E-04  0.1800E-04  0.1820E-04
  0.1500E+02  0.1000E+08  0.1130E-04  0.1410E-04  0.1510E-04  0.1530E-04
  0.1700E+02  0.1000E+08  0.7200E-05  0.1000E-04  0.1070E-04  0.1100E-04
  0.2000E+02  0.1000E+08  0.7200E-05  0.1010E-04  0.1170E-04  0.1190E-04
  0.2500E+02  0.1000E+08  0.3600E-05  0.5400E-05  0.6400E-05  0.6800E-05
  0.3000E+02  0.1000E+08  0.2900E-05  0.4600E-05  0.5600E-05  0.5800E-05
  0.3500E+02  0.1000E+08  0.1400E-05  0.2900E-05  0.3800E-05  0.4000E-05
  0.1000E+01  0.1780E+08  0.7740E-04  0.7770E-04  0.7790E-04  0.7800E-04
  0.3000E+01  0.1780E+08  0.6970E-04  0.7180E-04  0.7310E-04  0.7340E-04
  0.5000E+01  0.1780E+08  0.5160E-04  0.5580E-04  0.5710E-04  0.5740E-04
  0.7000E+01  0.1780E+08  0.3920E-04  0.4470E-04  0.4750E-04  0.4780E-04
  0.1000E+02  0.1780E+08  0.2890E-04  0.3600E-04  0.3870E-04  0.3900E-04
  0.1200E+02  0.1780E+08  0.2340E-04  0.3090E-04  0.3400E-04  0.3480E-04
  0.1500E+02  0.1780E+08  0.1750E-04  0.2290E-04  0.2540E-04  0.2600E-04
  0.1700E+02  0.1780E+08  0.1280E-04  0.1770E-04  0.2030E-04  0.2080E-04
  0.2000E+02  0.1780E+08  0.1150E-04  0.1690E-04  0.2040E-04  0.2100E-04
  0.2500E+02  0.1780E+08  0.5500E-05  0.8500E-05  0.1070E-04  0.1090E-04
  0.3000E+02  0.1780E+08  0.2200E-05  0.4800E-05  0.7100E-05  0.7200E-05
  0.3500E+02  0.1780E+08  0.1900E-05  0.3200E-05  0.4600E-05  0.4900E-05
  0.1000E+01  0.3160E+08  0.1828E-03  0.1844E-03  0.1853E-03  0.1853E-03
  0.3000E+01  0.3160E+08  0.1417E-03  0.1505E-03  0.1536E-03  0.1540E-03
  0.5000E+01  0.3160E+08  0.1078E-03  0.1173E-03  0.1219E-03  0.1226E-03
  0.7000E+01  0.3160E+08  0.7500E-04  0.8650E-04  0.9290E-04  0.9360E-04
  0.1000E+02  0.3160E+08  0.4950E-04  0.6180E-04  0.6800E-04  0.6890E-04
  0.1200E+02  0.3160E+08  0.3880E-04  0.5140E-04  0.5690E-04  0.5770E-04
  0.1500E+02  0.3160E+08  0.2630E-04  0.3640E-04  0.4210E-04  0.4280E-04
  0.1700E+02  0.3160E+08  0.2100E-04  0.3220E-04  0.3790E-04  0.3870E-04
  0.2000E+02  0.3160E+08  0.1230E-04  0.2130E-04  0.2530E-04  0.2610E-04
  0.2500E+02  0.3160E+08  0.6500E-05  0.1230E-04  0.1510E-04  0.1610E-04
  0.3000E+02  0.3160E+08  0.3000E-05  0.6100E-05  0.8200E-05  0.8700E-05
  0.3500E+02  0.3160E+08  0.7000E-06  0.2100E-05  0.3400E-05  0.4100E-05
  0.1000E+01  0.5620E+08  0.3640E-03  0.3678E-03  0.3693E-03  0.3694E-03
  0.3000E+01  0.5620E+08  0.2790E-03  0.2950E-03  0.3011E-03  0.3019E-03
  0.5000E+01  0.5620E+08  0.2043E-03  0.2277E-03  0.2369E-03  0.2381E-03
  0.7000E+01  0.5620E+08  0.1307E-03  0.1569E-03  0.1680E-03  0.1698E-03
  0.1000E+02  0.5620E+08  0.7710E-04  0.1002E-03  0.1097E-03  0.1110E-03
  0.1200E+02  0.5620E+08  0.5460E-04  0.7950E-04  0.9090E-04  0.9320E-04
  0.1500E+02  0.5620E+08  0.3130E-04  0.4770E-04  0.5710E-04  0.5790E-04
  0.1700E+02  0.5620E+08  0.2270E-04  0.4130E-04  0.4950E-04  0.5110E-04
  0.2000E+02  0.5620E+08  0.1730E-04  0.3190E-04  0.3840E-04  0.4000E-04
  0.2500E+02  0.5620E+08  0.5200E-05  0.1350E-04  0.1750E-04  0.1810E-04
  0.3000E+02  0.5620E+08  0.1900E-05  0.5300E-05  0.9100E-05  0.9500E-05
  0.3500E+02  0.5620E+08  0.6000E-06  0.3200E-05  0.6100E-05  0.6500E-05
  0.1000E+01  0.1000E+09  0.7857E-03  0.7935E-03  0.7971E-03  0.7972E-03
  0.3000E+01  0.1000E+09  0.5283E-03  0.5637E-03  0.5769E-03  0.5785E-03
  0.5000E+01  0.1000E+09  0.3621E-03  0.4097E-03  0.4293E-03  0.4316E-03
  0.7000E+01  0.1000E+09  0.2021E-03  0.2523E-03  0.2720E-03  0.2743E-03
  0.1000E+02  0.1000E+09  0.1039E-03  0.1448E-03  0.1624E-03  0.1643E-03
  0.1200E+02  0.1000E+09  0.7050E-04  0.1054E-03  0.1221E-03  0.1249E-03
  0.1500E+02  0.1000E+09  0.3680E-04  0.6530E-04  0.7980E-04  0.8140E-04
  0.1700E+02  0.1000E+09  0.2760E-04  0.5100E-04  0.6130E-04  0.6300E-04
  0.2000E+02  0.1000E+09  0.1270E-04  0.2710E-04  0.3790E-04  0.3890E-04
  0.2500E+02  0.1000E+09  0.3900E-05  0.1300E-04  0.1950E-04  0.2070E-04
  0.3000E+02  0.1000E+09  0.1200E-05  0.4500E-05  0.9200E-05  0.1080E-04
  0.3500E+02  0.1000E+09  0.3000E-06  0.1400E-05  0.3000E-05  0.3700E-05
  0.1000E+01  0.1780E+09  0.1465E-02  0.1483E-02  0.1491E-02  0.1492E-02
  0.3000E+01  0.1780E+09  0.9188E-03  0.9911E-03  0.1022E-02  0.1024E-02
  0.5000E+01  0.1780E+09  0.5772E-03  0.6581E-03  0.6961E-03  0.6999E-03
  0.7000E+01  0.1780E+09  0.2990E-03  0.3760E-03  0.4067E-03  0.4115E-03
  0.1000E+02  0.1780E+09  0.1370E-03  0.1965E-03  0.2272E-03  0.2309E-03
  0.1200E+02  0.1780E+09  0.8330E-04  0.1310E-03  0.1530E-03  0.1568E-03
  0.1500E+02  0.1780E+09  0.3930E-04  0.7300E-04  0.9150E-04  0.9410E-04
  0.1700E+02  0.1780E+09  0.2550E-04  0.5060E-04  0.6560E-04  0.6820E-04
  0.2000E+02  0.1780E+09  0.1250E-04  0.3120E-04  0.4690E-04  0.4890E-04
  0.2500E+02  0.1780E+09  0.2300E-05  0.1190E-04  0.1900E-04  0.2080E-04
  0.3000E+02  0.1780E+09  0.6000E-06  0.4400E-05  0.9100E-05  0.1010E-04
  0.3500E+02  0.1780E+09  0.2000E-06  0.1600E-05  0.5100E-05  0.6400E-05
  0.1000E+01  0.3160E+09  0.2831E-02  0.2873E-02  0.2890E-02  0.2892E-02
  0.3000E+01  0.3160E+09  0.1561E-02  0.1687E-02  0.1744E-02  0.1749E-02
  0.5000E+01  0.3160E+09  0.8445E-03  0.9798E-03  0.1042E-02  0.1050E-02
  0.7000E+01  0.3160E+09  0.3856E-03  0.4967E-03  0.5451E-03  0.5513E-03
  0.1000E+02  0.3160E+09  0.1394E-03  0.2128E-03  0.2531E-03  0.2584E-03
  0.1200E+02  0.3160E+09  0.7810E-04  0.1388E-03  0.1698E-03  0.1747E-03
  0.1500E+02  0.3160E+09  0.3160E-04  0.6900E-04  0.9410E-04  0.9840E-04
  0.1700E+02  0.3160E+09  0.1970E-04  0.4980E-04  0.7040E-04  0.7390E-04
  0.2000E+02  0.3160E+09  0.7400E-05  0.2540E-04  0.4040E-04  0.4400E-04
  0.2500E+02  0.3160E+09  0.1200E-05  0.1000E-04  0.2070E-04  0.2260E-04
  0.3000E+02  0.3160E+09  0.3000E-06  0.3300E-05  0.8900E-05  0.1020E-04
  0.3500E+02  0.3160E+09  0.2000E-06  0.1800E-05  0.6200E-05  0.7100E-05
  0.1000E+01  0.5620E+09  0.4619E-02  0.4691E-02  0.4725E-02  0.4727E-02
  0.3000E+01  0.5620E+09  0.2390E-02  0.2587E-02  0.2675E-02  0.2687E-02
  0.5000E+01  0.5620E+09  0.1125E-02  0.1320E-02  0.1401E-02  0.1411E-02
  0.7000E+01  0.5620E+09  0.4571E-03  0.5985E-03  0.6675E-03  0.6773E-03
  0.1000E+02  0.5620E+09  0.1486E-03  0.2393E-03  0.2855E-03  0.2904E-03
  0.1200E+02  0.5620E+09  0.6710E-04  0.1345E-03  0.1730E-03  0.1774E-03
  0.1500E+02  0.5620E+09  0.2210E-04  0.6390E-04  0.9010E-04  0.9420E-04
  0.1700E+02  0.5620E+09  0.1260E-04  0.4240E-04  0.6520E-04  0.6840E-04
  0.2000E+02  0.5620E+09  0.5100E-05  0.2380E-04  0.4040E-04  0.4220E-04
  0.2500E+02  0.5620E+09  0.1000E-05  0.8600E-05  0.1960E-04  0.2240E-04
  0.3000E+02  0.5620E+09  0.0000E+00  0.3800E-05  0.8800E-05  0.1070E-04
  0.3500E+02  0.5620E+09  0.0000E+00  0.7000E-06  0.4000E-05  0.4900E-05
  0.1000E+01  0.1000E+10  0.7768E-02  0.7891E-02  0.7942E-02  0.7948E-02
  0.3000E+01  0.1000E+10  0.3346E-02  0.3633E-02  0.3761E-02  0.3775E-02
  0.5000E+01  0.1000E+10  0.1316E-02  0.1575E-02  0.1688E-02  0.1701E-02
  0.7000E+01  0.1000E+10  0.4219E-03  0.5912E-03  0.6704E-03  0.6789E-03
  0.1000E+02  0.1000E+10  0.1033E-03  0.1980E-03  0.2496E-03  0.2570E-03
  0.1200E+02  0.1000E+10  0.4410E-04  0.1115E-03  0.1520E-03  0.1566E-03
  0.1500E+02  0.1000E+10  0.1500E-04  0.5230E-04  0.7930E-04  0.8380E-04
  0.1700E+02  0.1000E+10  0.6800E-05  0.3360E-04  0.5840E-04  0.6260E-04
  0.2000E+02  0.1000E+10  0.2700E-05  0.2290E-04  0.3930E-04  0.4200E-04
  0.2500E+02  0.1000E+10  0.4000E-06  0.7300E-05  0.1860E-04  0.2020E-04
  0.3000E+02  0.1000E+10  0.1000E-06  0.3100E-05  0.8500E-05  0.1010E-04
  0.3500E+02  0.1000E+10  0.0000E+00  0.1000E-05  0.4400E-05  0.5400E-05
  0.1000E+01  0.1780E+10  0.1126E-01  0.1144E-01  0.1152E-01  0.1153E-01
  0.3000E+01  0.1780E+10  0.4287E-02  0.4652E-02  0.4822E-02  0.4845E-02
  0.5000E+01  0.1780E+10  0.1471E-02  0.1792E-02  0.1936E-02  0.1953E-02
  0.7000E+01  0.1780E+10  0.3726E-03  0.5729E-03  0.6613E-03  0.6710E-03
  0.1000E+02  0.1780E+10  0.8280E-04  0.1827E-03  0.2364E-03  0.2430E-03
  0.1200E+02  0.1780E+10  0.3040E-04  0.9250E-04  0.1385E-03  0.1444E-03
  0.1500E+02  0.1780E+10  0.7700E-05  0.4310E-04  0.7370E-04  0.7710E-04
  0.1700E+02  0.1780E+10  0.3800E-05  0.3070E-04  0.5340E-04  0.5700E-04
  0.2000E+02  0.1780E+10  0.1700E-05  0.1700E-04  0.3860E-04  0.4270E-04
  0.2500E+02  0.1780E+10  0.0000E+00  0.6700E-05  0.1600E-04  0.1890E-04
  0.3000E+02  0.1780E+10  0.0000E+00  0.2900E-05  0.8000E-05  0.8900E-05
  0.3500E+02  0.1780E+10  0.1000E-06  0.1200E-05  0.4200E-05  0.5700E-05
  0.1000E+01  0.3160E+10  0.1685E-01  0.1711E-01  0.1723E-01  0.1725E-01
  0.3000E+01  0.3160E+10  0.4967E-02  0.5437E-02  0.5648E-02  0.5677E-02
  0.5000E+01  0.3160E+10  0.1333E-02  0.1691E-02  0.1850E-02  0.1870E-02
  0.7000E+01  0.3160E+10  0.2647E-03  0.4561E-03  0.5452E-03  0.5571E-03
  0.1000E+02  0.3160E+10  0.4540E-04  0.1355E-03  0.1905E-03  0.1984E-03
  0.1200E+02  0.3160E+10  0.1280E-04  0.7320E-04  0.1147E-03  0.1224E-03
  0.1500E+02  0.3160E+10  0.3100E-05  0.3830E-04  0.6920E-04  0.7420E-04
  0.1700E+02  0.3160E+10  0.1600E-05  0.2300E-04  0.4840E-04  0.5380E-04
  0.2000E+02  0.3160E+10  0.8000E-06  0.1540E-04  0.3410E-04  0.3810E-04
  0.2500E+02  0.3160E+10  0.1000E-06  0.5100E-05  0.1420E-04  0.1730E-04
  0.3000E+02  0.3160E+10  0.0000E+00  0.1800E-05  0.6200E-05  0.7700E-05
  0.3500E+02  0.3160E+10  0.0000E+00  0.7000E-06  0.3500E-05  0.5300E-05
  0.1000E+01  0.5620E+10  0.2254E-01  0.2288E-01  0.2304E-01  0.2307E-01
  0.3000E+01  0.5620E+10  0.5466E-02  0.6028E-02  0.6294E-02  0.6332E-02
  0.5000E+01  0.5620E+10  0.1179E-02  0.1568E-02  0.1744E-02  0.1765E-02
  0.7000E+01  0.5620E+10  0.1875E-03  0.3787E-03  0.4756E-03  0.4889E-03
  0.1000E+02  0.5620E+10  0.2330E-04  0.1133E-03  0.1717E-03  0.1771E-03
  0.1200E+02  0.5620E+10  0.9200E-05  0.6730E-04  0.1111E-03  0.1161E-03
  0.1500E+02  0.5620E+10  0.1600E-05  0.3700E-04  0.6690E-04  0.7170E-04
  0.1700E+02  0.5620E+10  0.1500E-05  0.2410E-04  0.5080E-04  0.5560E-04
  0.2000E+02  0.5620E+10  0.3000E-06  0.1340E-04  0.2890E-04  0.3190E-04
  0.2500E+02  0.5620E+10  0.0000E+00  0.5900E-05  0.1610E-04  0.1880E-04
  0.3000E+02  0.5620E+10  0.0000E+00  0.1300E-05  0.6800E-05  0.8900E-05
  0.3500E+02  0.5620E+10  0.1000E-06  0.8000E-06  0.3600E-05  0.4900E-05
  0.1000E+01  0.1000E+11  0.3065E-01  0.3111E-01  0.3135E-01  0.3138E-01
  0.3000E+01  0.1000E+11  0.5295E-02  0.5952E-02  0.6248E-02  0.6285E-02
  0.5000E+01  0.1000E+11  0.8412E-03  0.1241E-02  0.1421E-02  0.1443E-02
  0.7000E+01  0.1000E+11  0.9970E-04  0.2887E-03  0.3891E-03  0.3981E-03
  0.1000E+02  0.1000E+11  0.1230E-04  0.9850E-04  0.1580E-03  0.1650E-03
  0.1200E+02  0.1000E+11  0.3600E-05  0.5990E-04  0.1011E-03  0.1069E-03
  0.1500E+02  0.1000E+11  0.4000E-06  0.3260E-04  0.6090E-04  0.6570E-04
  0.1700E+02  0.1000E+11  0.6000E-06  0.2040E-04  0.4450E-04  0.4950E-04
  0.2000E+02  0.1000E+11  0.0000E+00  0.1400E-04  0.3320E-04  0.3560E-04
  0.2500E+02  0.1000E+11  0.1000E-06  0.4000E-05  0.1390E-04  0.1680E-04
  0.3000E+02  0.1000E+11  0.0000E+00  0.1800E-05  0.6700E-05  0.8600E-05
  0.3500E+02  0.1000E+11  0.0000E+00  0.8000E-06  0.3900E-05  0.4900E-05
  0.1000E+01  0.1780E+11  0.3804E-01  0.3861E-01  0.3890E-01  0.3894E-01
  0.3000E+01  0.1780E+11  0.5079E-02  0.5794E-02  0.6122E-02  0.6164E-02
  0.5000E+01  0.1780E+11  0.6308E-03  0.1034E-02  0.1216E-02  0.1239E-02
  0.7000E+01  0.1780E+11  0.6390E-04  0.2542E-03  0.3547E-03  0.3650E-03
  0.1000E+02  0.1780E+11  0.5800E-05  0.8550E-04  0.1445E-03  0.1521E-03
  0.1200E+02  0.1780E+11  0.2300E-05  0.6110E-04  0.9960E-04  0.1050E-03
  0.1500E+02  0.1780E+11  0.4000E-06  0.2840E-04  0.5930E-04  0.6420E-04
  0.1700E+02  0.1780E+11  0.4000E-06  0.2080E-04  0.4960E-04  0.5410E-04
  0.2000E+02  0.1780E+11  0.0000E+00  0.1170E-04  0.2770E-04  0.3210E-04
  0.2500E+02  0.1780E+11  0.0000E+00  0.4600E-05  0.1390E-04  0.1560E-04
  0.3000E+02  0.1780E+11  0.0000E+00  0.1800E-05  0.7000E-05  0.8700E-05
  0.3500E+02  0.1780E+11  0.0000E+00  0.1000E-05  0.3200E-05  0.4400E-05
  0.1000E+01  0.3160E+11  0.4792E-01  0.4867E-01  0.4904E-01  0.4910E-01
  0.3000E+01  0.3160E+11  0.4009E-02  0.4762E-02  0.5124E-02  0.5173E-02
  0.5000E+01  0.3160E+11  0.3583E-03  0.7632E-03  0.9534E-03  0.9755E-03
  0.7000E+01  0.3160E+11  0.2700E-04  0.2099E-03  0.3057E-03  0.3159E-03
  0.1000E+02  0.3160E+11  0.3900E-05  0.8110E-04  0.1381E-03  0.1470E-03
  0.1200E+02  0.3160E+11  0.8000E-06  0.5040E-04  0.9500E-04  0.1001E-03
  0.1500E+02  0.3160E+11  0.2000E-06  0.2720E-04  0.5760E-04  0.6240E-04
  0.1700E+02  0.3160E+11  0.1000E-06  0.2050E-04  0.4440E-04  0.4770E-04
  0.2000E+02  0.3160E+11  0.0000E+00  0.1390E-04  0.3140E-04  0.3570E-04
  0.2500E+02  0.3160E+11  0.0000E+00  0.4800E-05  0.1330E-04  0.1510E-04
  0.3000E+02  0.3160E+11  0.0000E+00  0.1000E-05  0.5300E-05  0.6700E-05
  0.3500E+02  0.3160E+11  0.0000E+00  0.4000E-06  0.3100E-05  0.4000E-05
  0.1000E+01  0.5620E+11  0.5645E-01  0.5737E-01  0.5783E-01  0.5791E-01
  0.3000E+01  0.5620E+11  0.3295E-02  0.4101E-02  0.4486E-02  0.4537E-02
  0.5000E+01  0.5620E+11  0.2103E-03  0.6080E-03  0.7993E-03  0.8211E-03
  0.7000E+01  0.5620E+11  0.1400E-04  0.1859E-03  0.2817E-03  0.2934E-03
  0.1000E+02  0.5620E+11  0.1300E-05  0.8230E-04  0.1402E-03  0.1485E-03
  0.1200E+02  0.5620E+11  0.6000E-06  0.5300E-04  0.9300E-04  0.1003E-03
  0.1500E+02  0.5620E+11  0.2000E-06  0.2740E-04  0.5670E-04  0.6150E-04
  0.1700E+02  0.5620E+11  0.0000E+00  0.1840E-04  0.4210E-04  0.4610E-04
  0.2000E+02  0.5620E+11  0.1000E-06  0.1220E-04  0.3010E-04  0.3270E-04
  0.2500E+02  0.5620E+11  0.0000E+00  0.5100E-05  0.1410E-04  0.1640E-04
  0.3000E+02  0.5620E+11  0.0000E+00  0.2400E-05  0.7400E-05  0.8500E-05
  0.3500E+02  0.5620E+11  0.0000E+00  0.4000E-06  0.2500E-05  0.3900E-05
