3 500131
6 300111
18 300111
19 400211
24 400211
32 400211
38 300111
46 500131
49 600231
51 300111
54 500311
55 500131
56 300111
58 400031
59 400211
60 400211
61 300111
64 400211
65 300111
68 400211
73 400211
76 300111
91 300111
104 300111
105 300001
106 300111
108 300111
132 400111
146 300111
147 300111
148 300111
149 400211
157 300111
161 300111
162 500131
169 400211
180 400211
185 400031
198 500131
202 400211
204 400211
210 400211
212 300111
219 400211
221 400211
222 400211
226 400211
229 300111
233 300111
234 500311
238 200011
241 300111
242 300111
243 400211
245 300001
259 400211
262 400211
264 400211
270 400211
275 300001
277 400211
279 400211
280 300111
285 400211
290 300111
292 300111
295 300111
297 300111
304 400211
305 400211
311 300001
313 300111
315 400211
317 400111
322 410101
323 300111
331 400211
333 400111
344 400211
345 500131
372 400211
375 300001
378 300001
379 300111
386 300111
387 400211
393 300001
400 300111
402 300111
411 500311
416 300111
417 300111
422 300111
427 300111
429 400031
431 300111
432 300111
433 300111
434 500311
435 300001
437 300001
438 300111
447 400211
448 300111
449 500311
459 500311
462 300001
463 400211
464 300111
475 300111
478 400211
487 300001
491 500311
492 200011
505 500311
506 300111
508 300111
513 500131
515 300111
522 300111
524 300111
525 400211
526 310101
527 300001
529 300111
530 300001
535 400211
542 300111
543 400211
546 500131
547 300001
550 300111
555 300111
558 300001
563 300001
568 400211
573 300111
576 300111
579 400211
580 300001
584 300111
593 300111
595 400211
598 300111
599 300111
602 300111
608 300111
615 400211
621 200011
623 300001
625 300111
631 300111
633 500311
634 300111
637 300001
641 300111
642 300111
648 400211
649 400211
650 300111
653 400211
658 300111
661 300111
662 300001
671 400211
672 500131
678 300001
682 300111
685 401111
689 400211
690 400211
693 300111
698 300111
699 300111
702 400211
704 400211
705 300001
712 300001
721 300001
725 300001
728 300111
735 300111
738 400211
741 300001
744 300111
747 300111
751 300111
757 300111
771 300001
775 300111
776 300111
780 300111
786 300111
789 300111
794 400211
795 500131
799 300111
804 400211
805 500131
808 300001
812 300111
817 300111
822 410101
828 300111
831 300001
839 400211
844 300111
856 400211
861 400211
865 400211
866 300111
878 500131
890 300001
926 300001
930 400211
934 300001
949 400211
964 300001
969 300111
1009 300001
1063 300001
1065 400031
1084 300001
1138 300001
1157 300001
1178 300001
1201 300001
1218 300001
1229 300001
1238 300001
1286 300001
1304 300001
1315 300001
1325 300001
1354 300001
1366 300001
1394 300001
1466 300001
1483 300001
1498 300001
1499 300001
1523 300001
1526 300001
1545 300001
1560 300001
1589 300001
1596 300001
1597 300001
1603 300001
1621 300001
1632 300001
1651 300001
1683 300001
1739 300001
1742 300001
1827 300001
1858 300001
1861 300111
1868 300001
1883 300001
1903 300001
1939 300001
2010 300001
2052 300001
2053 300001
2058 300001
2079 300001
2101 300001
2103 300001
2118 300001
2128 300001
2135 300001
2140 500131
2144 300001
2154 300001
2181 300001
2194 300001
2257 300001
2301 300001
2310 300001
2323 300001
2360 300111
2403 300001
2415 300001
2432 300001
2441 300001
2459 300001
2464 300001
2507 300001
2515 300001
2531 300001
2590 300001
2602 300001
2608 300001
2653 300001
2663 300001
2676 300001
2696 300001
2714 300001
2740 300001
2762 300001
2807 300001
2840 300001
2866 300001
2883 300001
2900 300001
2910 300001
2931 300001
2963 300001
2981 300001
3074 300001
3087 300001
3191 300001
3214 300001
3262 300001
3303 300001
3351 300001
3378 300001
3391 300001
3425 300001
3499 300001
3535 300001
3587 300001
3620 300001
3755 300001
3800 300001
3814 300001
3829 300001
3868 300001
3886 300001
3908 300001
3945 300001
4009 300001
4053 300001
4078 300001
4137 300001
4140 300001
4161 300001
4167 300001
4191 300001
4216 300001
4274 300001
4277 300001
4291 300001
4305 300001
4348 300001
4358 300001
4360 300001
4377 300001
4408 300001
4413 300001
4416 300001
4433 300001
4450 500131
4468 300001
4506 300001
4514 600231
4529 300001
4546 300001
4585 300001
4622 300001
4676 300001
4690 300001
4697 300001
4741 300001
4754 300001
4763 300001
4787 300001
4797 300001
4807 300001
4822 300001
4831 300001
4888 300001
4943 300001
4950 300001
4971 300001
4976 300001
4989 300001
5016 300001
5047 300001
5100 300001
5107 300001
5125 300001
5153 300001
5154 300001
5161 300001
5185 300001
5274 300001
5279 300001
5312 300001
5359 300001
5396 300001
5561 300001
5611 300001
5624 300001
