# 	 Particle Content at Xmax
3.873631900000000000e+07
3.493098000000000000e+06
6.676564900000000000e+07
3.328020900000000000e+07
5.909120200000000000e+07
3.137242900000000000e+07
6.588948800000000000e+07
1.353420000000000000e+06
2.432366900000000000e+07
2.809519800000000000e+07
3.314418000000000000e+06
3.397107800000000000e+07
6.415610500000000000e+07
4.133788600000000000e+07
3.312774100000000000e+07
3.444652900000000000e+07
2.860804400000000000e+07
4.568361100000000000e+07
5.305937000000000000e+07
1.135975500000000000e+07
4.813402100000000000e+07
1.225513000000000000e+06
1.812583900000000000e+07
5.200748000000000000e+06
6.993523000000000000e+06
2.703760900000000000e+07
4.015497300000000000e+07
4.797405400000000000e+07
5.459376500000000000e+07
5.742574900000000000e+07
1.374883200000000000e+07
3.996403100000000000e+07
1.779336600000000000e+07
1.660279700000000000e+07
2.087000900000000000e+07
5.204069300000000000e+07
5.239436700000000000e+07
2.132715300000000000e+07
3.900073900000000000e+07
7.258972000000000000e+06
6.221954000000000000e+06
4.410653200000000000e+07
2.193281600000000000e+07
1.048844000000000000e+06
2.581842700000000000e+07
2.972264100000000000e+07
1.194105400000000000e+07
5.299294400000000000e+07
6.894484000000000000e+06
5.407677100000000000e+07
6.085390700000000000e+07
2.091852000000000000e+07
3.862869600000000000e+07
6.050539000000000000e+06
8.086580000000000000e+06
6.091532500000000000e+07
2.749758000000000000e+07
5.058306700000000000e+07
6.104309000000000000e+07
3.211754100000000000e+07
3.904839600000000000e+07
3.243540000000000000e+07
2.016598600000000000e+07
3.574914800000000000e+07
3.183291100000000000e+07
1.014962900000000000e+07
4.812817000000000000e+06
3.244700900000000000e+07
4.971492300000000000e+07
6.066469100000000000e+07
2.131052100000000000e+07
5.949501500000000000e+07
5.296113200000000000e+07
2.325424200000000000e+07
5.594007000000000000e+06
2.393014100000000000e+07
1.653044500000000000e+07
2.640757400000000000e+07
1.754180800000000000e+07
7.093520000000000000e+06
1.253908600000000000e+07
6.480325800000000000e+07
4.790428100000000000e+07
5.186532900000000000e+07
4.699106200000000000e+07
6.734852300000000000e+07
4.808850800000000000e+07
4.314707300000000000e+07
2.893651700000000000e+07
3.249618000000000000e+07
3.332648100000000000e+07
6.511252600000000000e+07
5.801711700000000000e+07
5.722803100000000000e+07
3.074883100000000000e+07
3.127639600000000000e+07
5.389015200000000000e+07
1.713062200000000000e+07
2.662242100000000000e+07
1.917074900000000000e+07
5.496619600000000000e+07
3.902277700000000000e+07
3.704334600000000000e+07
8.142669000000000000e+06
1.501303100000000000e+07
2.969194700000000000e+07
2.826013600000000000e+07
1.993173000000000000e+07
2.726913500000000000e+07
3.274936300000000000e+07
6.742157000000000000e+07
3.498436600000000000e+07
2.284760000000000000e+05
4.074559700000000000e+07
4.813258400000000000e+07
1.036193200000000000e+07
7.105325700000000000e+07
8.190130000000000000e+06
1.140453100000000000e+07
4.154627700000000000e+07
4.514089300000000000e+07
8.549215000000000000e+06
6.331924000000000000e+06
2.369166800000000000e+07
1.962811500000000000e+07
3.155796900000000000e+07
5.905846300000000000e+07
3.552370400000000000e+07
3.989001100000000000e+07
3.121571000000000000e+07
3.183411600000000000e+07
2.331587400000000000e+07
1.205745800000000000e+07
3.566861700000000000e+07
3.038412600000000000e+07
2.858640100000000000e+07
5.705744300000000000e+07
8.857622000000000000e+06
4.617865100000000000e+07
1.828663500000000000e+07
3.934177600000000000e+07
2.684481600000000000e+07
2.062866300000000000e+07
5.332573900000000000e+07
2.396022900000000000e+07
2.464926100000000000e+07
4.462865300000000000e+07
1.365322900000000000e+07
1.480342900000000000e+07
4.017385000000000000e+07
5.944167500000000000e+07
9.841290000000000000e+05
4.726083700000000000e+07
2.505485900000000000e+07
2.791345100000000000e+07
9.043707000000000000e+06
1.590892000000000000e+06
1.899709300000000000e+07
4.477990700000000000e+07
3.681715400000000000e+07
2.439208300000000000e+07
3.922095700000000000e+07
5.901605400000000000e+07
4.897396100000000000e+07
3.406398000000000000e+06
3.033646200000000000e+07
4.428953700000000000e+07
1.196573900000000000e+07
3.864751600000000000e+07
6.824637400000000000e+07
5.736478000000000000e+06
3.244329000000000000e+07
1.541057400000000000e+07
1.543305000000000000e+06
5.497524000000000000e+06
3.247360400000000000e+07
7.050286300000000000e+07
1.483774600000000000e+07
5.124902000000000000e+06
4.057003000000000000e+06
2.071652200000000000e+07
3.403241500000000000e+07
6.784861100000000000e+07
6.044410500000000000e+07
6.373085400000000000e+07
1.613516300000000000e+07
8.570449000000000000e+06
3.703824100000000000e+07
6.085403300000000000e+07
1.469749200000000000e+07
9.069643000000000000e+06
5.246670800000000000e+07
5.009543300000000000e+07
3.908799800000000000e+07
7.007525300000000000e+07
8.592899000000000000e+06
2.125917000000000000e+07
6.929741000000000000e+07
3.486745400000000000e+07
2.559882900000000000e+07
6.302020000000000000e+06
3.995751600000000000e+07
6.990197400000000000e+07
1.281270300000000000e+07
3.081451700000000000e+07
6.649114400000000000e+07
3.455559900000000000e+07
5.126321000000000000e+07
6.642961000000000000e+07
4.520486200000000000e+07
2.794542900000000000e+07
2.526190000000000000e+07
1.372955000000000000e+07
3.438710300000000000e+07
2.820169500000000000e+07
2.685398000000000000e+07
6.207107600000000000e+07
4.695080100000000000e+07
3.071843100000000000e+07
3.280963100000000000e+07
1.123405500000000000e+07
3.814702900000000000e+07
5.094685300000000000e+07
1.189663900000000000e+07
5.510350200000000000e+07
7.458923000000000000e+06
2.902155600000000000e+07
8.505030000000000000e+06
1.569109700000000000e+07
3.961707700000000000e+07
4.916900200000000000e+07
1.788137100000000000e+07
2.498464800000000000e+07
3.166496900000000000e+07
4.571342400000000000e+07
1.660811800000000000e+07
2.081533800000000000e+07
5.328575000000000000e+06
2.878999800000000000e+07
4.501241100000000000e+07
2.164159000000000000e+07
1.122569900000000000e+07
2.277250000000000000e+07
1.879292000000000000e+06
3.252731000000000000e+07
2.680474500000000000e+07
1.801424800000000000e+07
1.038573300000000000e+07
6.138956600000000000e+07
5.984611700000000000e+07
6.563906000000000000e+06
2.772978300000000000e+07
9.893188000000000000e+06
1.030999100000000000e+07
2.911264400000000000e+07
2.864088100000000000e+07
3.975094700000000000e+07
5.099315200000000000e+07
3.322756300000000000e+07
6.281383000000000000e+06
2.060085700000000000e+07
6.134024800000000000e+07
2.349514700000000000e+07
1.232952200000000000e+07
1.413086000000000000e+07
3.619111900000000000e+07
1.053991600000000000e+07
2.295774700000000000e+07
2.403264000000000000e+06
3.550080600000000000e+07
2.047340000000000000e+06
2.261093600000000000e+07
2.355966000000000000e+07
3.195974900000000000e+07
7.353343000000000000e+06
4.414357000000000000e+07
2.626048800000000000e+07
1.261032900000000000e+07
4.623017900000000000e+07
4.621268000000000000e+06
6.249408600000000000e+07
4.040217800000000000e+07
1.967779400000000000e+07
7.705401000000000000e+06
6.366478000000000000e+06
3.174159500000000000e+07
1.038893000000000000e+07
4.341503200000000000e+07
3.749045400000000000e+07
3.306242800000000000e+07
4.673005100000000000e+07
9.363040000000000000e+06
7.260978000000000000e+06
6.603530400000000000e+07
1.587207700000000000e+07
3.400451300000000000e+07
1.989560600000000000e+07
5.667249600000000000e+07
2.837892600000000000e+07
5.445843400000000000e+07
4.735876000000000000e+06
3.286256700000000000e+07
1.337364700000000000e+07
2.834496200000000000e+07
3.118379700000000000e+07
1.330970100000000000e+07
7.961187000000000000e+06
5.299917900000000000e+07
5.013845000000000000e+07
2.606815100000000000e+07
1.633358700000000000e+07
5.263040200000000000e+07
1.491312400000000000e+07
2.576865600000000000e+07
1.779546000000000000e+07
7.620660000000000000e+05
1.916139200000000000e+07
3.474923700000000000e+07
7.344667000000000000e+06
3.732453500000000000e+07
3.028798000000000000e+07
1.289550300000000000e+07
3.489977300000000000e+07
5.340950000000000000e+07
2.137981000000000000e+07
2.940127000000000000e+06
1.540267200000000000e+07
2.214629700000000000e+07
7.670756000000000000e+06
1.052619100000000000e+07
2.687226400000000000e+07
2.406918500000000000e+07
1.501007000000000000e+07
1.587868900000000000e+07
2.156924300000000000e+07
2.572118200000000000e+07
1.274966800000000000e+07
5.742888000000000000e+06
6.739249000000000000e+07
5.162122100000000000e+07
7.209342300000000000e+07
3.629560100000000000e+07
3.168465600000000000e+07
4.217915000000000000e+07
5.344738500000000000e+07
2.790042300000000000e+07
6.417908100000000000e+07
2.148056500000000000e+07
2.942359600000000000e+07
3.175499300000000000e+07
3.286415500000000000e+07
5.463046000000000000e+07
4.675206000000000000e+06
4.662704000000000000e+06
3.147307000000000000e+06
1.163768200000000000e+07
2.788170300000000000e+07
1.007681500000000000e+07
3.925150700000000000e+07
3.960585000000000000e+07
4.640585000000000000e+07
2.125590800000000000e+07
6.581695000000000000e+06
4.837615000000000000e+07
1.246731000000000000e+07
1.683036700000000000e+07
4.829867800000000000e+07
1.476789600000000000e+07
3.544190000000000000e+05
7.090188000000000000e+06
2.055220500000000000e+07
6.012480000000000000e+05
3.444095000000000000e+07
1.799996900000000000e+07
8.497017000000000000e+06
7.712679000000000000e+06
1.267011000000000000e+07
9.359653000000000000e+06
2.791812300000000000e+07
2.472935400000000000e+07
3.321240000000000000e+06
3.246401700000000000e+07
1.125133600000000000e+07
1.029948800000000000e+07
1.272116800000000000e+07
2.843973900000000000e+07
2.504427300000000000e+07
4.706810900000000000e+07
1.660097600000000000e+07
4.549045400000000000e+07
3.101786300000000000e+07
4.365138300000000000e+07
5.363857900000000000e+07
1.905221500000000000e+07
4.217296500000000000e+07
2.971442000000000000e+06
2.567729700000000000e+07
3.722761900000000000e+07
1.069579900000000000e+07
3.699979000000000000e+06
2.268843800000000000e+07
2.413633600000000000e+07
5.223094000000000000e+07
4.833511500000000000e+07
2.609266000000000000e+07
2.116967600000000000e+07
4.280539000000000000e+06
4.784520800000000000e+07
1.993800300000000000e+07
1.914883400000000000e+07
6.570017800000000000e+07
4.838653500000000000e+07
1.175673000000000000e+07
1.908188900000000000e+07
1.044457600000000000e+07
3.221020100000000000e+07
5.793008000000000000e+06
3.785863000000000000e+07
5.498109000000000000e+06
5.223987100000000000e+07
3.708925900000000000e+07
6.576072600000000000e+07
4.701772200000000000e+07
1.494689000000000000e+06
2.623635400000000000e+07
1.688407000000000000e+07
4.838937800000000000e+07
6.996312000000000000e+06
2.545079000000000000e+06
3.540373900000000000e+07
1.302093600000000000e+07
5.641350100000000000e+07
1.028620000000000000e+06
3.632707700000000000e+07
6.397870600000000000e+07
9.604710000000000000e+05
1.472891800000000000e+07
1.991286200000000000e+07
2.689179500000000000e+07
2.598116900000000000e+07
1.469126300000000000e+07
3.919567200000000000e+07
3.658308500000000000e+07
1.443694900000000000e+07
9.187151000000000000e+06
2.556169600000000000e+07
2.794759500000000000e+07
4.724541700000000000e+07
1.636964000000000000e+07
6.368349000000000000e+06
3.057482600000000000e+07
3.682300000000000000e+04
8.560598000000000000e+06
2.412489900000000000e+07
1.840587600000000000e+07
1.788036600000000000e+07
2.329283800000000000e+07
7.557553000000000000e+07
3.022342200000000000e+07
4.829930200000000000e+07
1.019391600000000000e+07
4.751566500000000000e+07
2.170176500000000000e+07
3.553494000000000000e+06
7.637522000000000000e+06
1.925937200000000000e+07
3.995217500000000000e+07
2.317608300000000000e+07
5.235898900000000000e+07
1.287155000000000000e+06
4.091955000000000000e+07
3.815460000000000000e+05
5.879587200000000000e+07
5.329250300000000000e+07
8.384155000000000000e+06
6.796820000000000000e+06
6.604862200000000000e+07
1.646056600000000000e+07
6.216754000000000000e+06
4.338067000000000000e+07
3.179402900000000000e+07
3.904629400000000000e+07
3.779817000000000000e+07
3.709505700000000000e+07
4.092504200000000000e+07
4.741310700000000000e+07
3.959352500000000000e+07
3.277524900000000000e+07
7.451023300000000000e+07
3.774240200000000000e+07
3.156219300000000000e+07
4.917144300000000000e+07
6.655148000000000000e+06
3.416190900000000000e+07
8.860261000000000000e+06
4.363557000000000000e+06
4.110523700000000000e+07
1.148489100000000000e+07
1.308408800000000000e+07
1.632161000000000000e+07
2.134030000000000000e+05
3.769531700000000000e+07
3.519628700000000000e+07
8.132106000000000000e+06
1.951613500000000000e+07
4.737119300000000000e+07
4.439007200000000000e+07
4.683952300000000000e+07
6.351628100000000000e+07
1.147036700000000000e+07
4.319095600000000000e+07
2.441672500000000000e+07
6.268496300000000000e+07
3.844255600000000000e+07
4.786410700000000000e+07
1.301505900000000000e+07
6.797170100000000000e+07
2.930655000000000000e+06
1.227075100000000000e+07
2.510865700000000000e+07
5.651033900000000000e+07
3.979331000000000000e+07
5.382897000000000000e+07
2.500653200000000000e+07
1.531587200000000000e+07
1.905447700000000000e+07
6.459363000000000000e+06
3.146890900000000000e+07
1.570920000000000000e+06
5.036790600000000000e+07
4.485633000000000000e+07
5.089499300000000000e+07
3.748664800000000000e+07
6.552665100000000000e+07
4.489437200000000000e+07
2.308012000000000000e+07
2.539277900000000000e+07
1.272277700000000000e+07
1.662796200000000000e+07
6.185314000000000000e+07
2.589012300000000000e+07
4.456808700000000000e+07
2.093454000000000000e+06
1.477648600000000000e+07
5.319559000000000000e+07
2.795486000000000000e+06
3.512542000000000000e+07
2.155959000000000000e+07
1.937561100000000000e+07
2.423136000000000000e+06
4.589120400000000000e+07
2.630717200000000000e+07
3.936844800000000000e+07
2.581665600000000000e+07
2.506554000000000000e+06
4.360258600000000000e+07
3.399779600000000000e+07
3.077734300000000000e+07
6.552157600000000000e+07
3.679753800000000000e+07
2.715879000000000000e+07
3.216268900000000000e+07
3.060996100000000000e+07
1.621922700000000000e+07
1.421150000000000000e+05
5.766292000000000000e+06
4.088545400000000000e+07
7.293684000000000000e+06
2.207514700000000000e+07
5.285683300000000000e+07
3.292210700000000000e+07
2.182479300000000000e+07
1.836208100000000000e+07
1.930132700000000000e+07
3.778296000000000000e+06
3.045471300000000000e+07
3.804696200000000000e+07
1.266775400000000000e+07
2.168039900000000000e+07
2.282829600000000000e+07
2.401332100000000000e+07
4.378397700000000000e+07
1.542586400000000000e+07
5.923644500000000000e+07
1.572216100000000000e+07
2.026101000000000000e+06
5.405124500000000000e+07
4.700528000000000000e+06
2.748093800000000000e+07
3.505056300000000000e+07
5.399596200000000000e+07
6.604734000000000000e+06
2.939245000000000000e+06
7.799262000000000000e+06
3.417507800000000000e+07
1.849109800000000000e+07
2.719755800000000000e+07
4.451255900000000000e+07
1.582186900000000000e+07
2.634463100000000000e+07
2.297438800000000000e+07
5.695650000000000000e+06
1.960201000000000000e+06
1.634998200000000000e+07
1.234669600000000000e+07
2.580150400000000000e+07
1.377576500000000000e+07
3.027138900000000000e+07
5.139894000000000000e+06
5.757426400000000000e+07
4.891706600000000000e+07
3.197350100000000000e+07
6.590788000000000000e+06
2.631392300000000000e+07
1.054475100000000000e+07
2.655502200000000000e+07
4.237550500000000000e+07
5.798377300000000000e+07
1.843901800000000000e+07
1.834639900000000000e+07
1.667774100000000000e+07
1.788508100000000000e+07
1.715692500000000000e+07
2.729292600000000000e+07
3.039721100000000000e+07
1.339510300000000000e+07
8.760390000000000000e+05
3.786000500000000000e+07
2.226144000000000000e+07
1.531486000000000000e+06
1.820355000000000000e+06
9.061849000000000000e+06
3.410680000000000000e+07
3.660982600000000000e+07
5.996548900000000000e+07
1.599890000000000000e+07
7.299419000000000000e+06
1.062311400000000000e+07
6.880499500000000000e+07
2.503905600000000000e+07
9.961337000000000000e+06
1.105905600000000000e+07
5.608975600000000000e+07
4.966339600000000000e+07
2.426575500000000000e+07
4.065560100000000000e+07
2.790185500000000000e+07
3.480979100000000000e+07
1.001483500000000000e+07
1.648938900000000000e+07
4.784835600000000000e+07
5.707142900000000000e+07
2.919794000000000000e+06
1.709121700000000000e+07
3.715843000000000000e+06
1.244696500000000000e+07
3.262974000000000000e+07
3.543324000000000000e+06
1.306665400000000000e+07
9.963442000000000000e+06
1.669660600000000000e+07
3.214448000000000000e+06
5.744442700000000000e+07
3.332997300000000000e+07
1.127180900000000000e+07
1.350865500000000000e+07
4.783911600000000000e+07
2.619738500000000000e+07
3.732014600000000000e+07
7.679130000000000000e+06
2.794617500000000000e+07
1.707035000000000000e+07
5.087249900000000000e+07
2.825171700000000000e+07
3.247907600000000000e+07
1.713207500000000000e+07
2.421088100000000000e+07
4.292903800000000000e+07
2.376379700000000000e+07
2.254251500000000000e+07
4.589703600000000000e+07
1.604923400000000000e+07
9.985525000000000000e+06
5.448291200000000000e+07
4.305457000000000000e+07
2.205507400000000000e+07
2.575773000000000000e+06
1.743435800000000000e+07
4.194933000000000000e+06
5.820078700000000000e+07
3.770021400000000000e+07
1.901137000000000000e+06
3.061155400000000000e+07
2.062944300000000000e+07
4.536440800000000000e+07
2.644333000000000000e+06
1.063554500000000000e+07
6.804248500000000000e+07
1.007645800000000000e+07
6.434081100000000000e+07
1.095859200000000000e+07
6.279263100000000000e+07
1.740082100000000000e+07
6.805958000000000000e+07
3.854440100000000000e+07
6.936793300000000000e+07
6.616256900000000000e+07
2.783992400000000000e+07
1.426030600000000000e+07
1.430867600000000000e+07
4.032752900000000000e+07
4.855840200000000000e+07
1.882523500000000000e+07
4.695244900000000000e+07
1.185598800000000000e+07
5.411611700000000000e+07
8.346214000000000000e+06
2.448642700000000000e+07
4.766570000000000000e+05
3.299056500000000000e+07
2.412100800000000000e+07
5.358400000000000000e+05
2.065815700000000000e+07
4.662157000000000000e+06
2.432078200000000000e+07
8.311890000000000000e+06
1.944933100000000000e+07
1.402402000000000000e+07
6.587214100000000000e+07
5.514458600000000000e+07
6.616323000000000000e+07
4.279468900000000000e+07
2.613641500000000000e+07
2.076695100000000000e+07
1.113897500000000000e+07
2.039720500000000000e+07
5.071011500000000000e+07
1.981109000000000000e+07
3.545354900000000000e+07
1.351781400000000000e+07
3.766199400000000000e+07
7.687173000000000000e+06
9.190503000000000000e+06
3.253179700000000000e+07
8.733900000000000000e+06
4.844032100000000000e+07
4.208302000000000000e+07
4.099622400000000000e+07
1.061185300000000000e+07
4.039722800000000000e+07
5.144495000000000000e+07
5.156322600000000000e+07
3.793568600000000000e+07
3.622256500000000000e+07
3.815649600000000000e+07
5.895890000000000000e+05
3.122602100000000000e+07
4.141410000000000000e+07
4.856973700000000000e+07
5.449259100000000000e+07
6.937885800000000000e+07
6.586688800000000000e+07
3.485144200000000000e+07
6.724257000000000000e+06
2.824827100000000000e+07
1.692661900000000000e+07
2.019311700000000000e+07
4.623999600000000000e+07
3.883441500000000000e+07
3.568370000000000000e+07
2.652799900000000000e+07
2.477341000000000000e+06
1.410735000000000000e+07
6.196889400000000000e+07
4.174716800000000000e+07
3.852817700000000000e+07
1.264594900000000000e+07
4.875415000000000000e+06
2.924326900000000000e+07
4.517908400000000000e+07
3.589211000000000000e+06
1.173556800000000000e+07
4.754700000000000000e+05
5.531231100000000000e+07
2.703787000000000000e+07
3.788628400000000000e+07
2.916244800000000000e+07
6.181589700000000000e+07
1.356265300000000000e+07
4.120406400000000000e+07
5.149860000000000000e+05
3.079650900000000000e+07
2.867900900000000000e+07
3.637206300000000000e+07
4.123390700000000000e+07
1.867391300000000000e+07
3.746321700000000000e+07
2.109989000000000000e+07
2.844793700000000000e+07
5.962779800000000000e+07
3.883482600000000000e+07
8.725632000000000000e+06
1.494888400000000000e+07
4.077522800000000000e+07
3.086447400000000000e+07
1.561253400000000000e+07
4.383603300000000000e+07
8.832000000000000000e+05
3.538698400000000000e+07
3.575571200000000000e+07
6.453498000000000000e+07
2.582669000000000000e+06
5.582269000000000000e+06
2.385172700000000000e+07
3.008101900000000000e+07
1.105075900000000000e+07
1.417444000000000000e+06
4.024284000000000000e+06
2.111240000000000000e+05
2.494254500000000000e+07
5.592588900000000000e+07
6.475008900000000000e+07
2.563968600000000000e+07
4.626213000000000000e+06
4.610203400000000000e+07
3.824017200000000000e+07
5.508382700000000000e+07
3.723968000000000000e+07
3.574179500000000000e+07
3.825260600000000000e+07
1.170913800000000000e+07
3.623820000000000000e+07
7.301600000000000000e+06
4.542857800000000000e+07
2.095285500000000000e+07
3.656768000000000000e+06
6.119404000000000000e+06
3.802135100000000000e+07
2.190439000000000000e+06
3.040113000000000000e+06
3.347302600000000000e+07
4.468080800000000000e+07
2.721730700000000000e+07
3.461379300000000000e+07
9.151794000000000000e+06
3.976277100000000000e+07
3.255488900000000000e+07
6.357359000000000000e+07
8.757490000000000000e+05
6.034888800000000000e+07
5.113021100000000000e+07
4.944114900000000000e+07
2.986532700000000000e+07
4.055872100000000000e+07
2.275044000000000000e+07
4.895822100000000000e+07
4.000444100000000000e+07
5.664724200000000000e+07
5.001047200000000000e+07
2.252722300000000000e+07
2.044076300000000000e+07
2.594230000000000000e+05
2.520743800000000000e+07
1.591386900000000000e+07
4.175586800000000000e+07
6.284699500000000000e+07
4.785946000000000000e+07
2.904696000000000000e+07
1.436122000000000000e+06
4.703032000000000000e+07
6.641469700000000000e+07
3.495692800000000000e+07
5.401385100000000000e+07
3.196652100000000000e+07
5.850267800000000000e+07
2.227129300000000000e+07
6.899479500000000000e+07
4.687113600000000000e+07
3.062072700000000000e+07
1.681923000000000000e+06
2.876451900000000000e+07
3.336194000000000000e+06
1.099503400000000000e+07
9.335138000000000000e+06
2.030854200000000000e+07
3.886949100000000000e+07
5.391452400000000000e+07
1.750565000000000000e+06
4.783177400000000000e+07
1.964044400000000000e+07
4.556934500000000000e+07
5.993630900000000000e+07
2.415120900000000000e+07
2.216206300000000000e+07
8.740846000000000000e+06
3.183660600000000000e+07
1.186501900000000000e+07
5.544683100000000000e+07
2.051794700000000000e+07
6.506923200000000000e+07
4.235753900000000000e+07
2.633886000000000000e+07
6.998595000000000000e+06
7.424256000000000000e+06
4.942900100000000000e+07
4.653409400000000000e+07
6.051024700000000000e+07
4.654481100000000000e+07
4.235375000000000000e+07
1.744122900000000000e+07
1.337709200000000000e+07
2.323361200000000000e+07
1.754293900000000000e+07
3.465582600000000000e+07
2.766871400000000000e+07
4.087351700000000000e+07
5.247352500000000000e+07
3.239227800000000000e+07
2.178899300000000000e+07
4.849819600000000000e+07
5.035301200000000000e+07
2.401862500000000000e+07
3.973713000000000000e+07
5.166022000000000000e+07
6.359029200000000000e+07
6.879885000000000000e+06
4.983354100000000000e+07
1.756137400000000000e+07
2.427315400000000000e+07
2.857449600000000000e+07
2.079610000000000000e+07
5.367663700000000000e+07
1.007852700000000000e+07
2.800078200000000000e+07
3.593781600000000000e+07
1.852363800000000000e+07
4.673480200000000000e+07
2.018031400000000000e+07
3.976655000000000000e+07
4.869633000000000000e+07
3.172157000000000000e+06
4.572154700000000000e+07
4.220001800000000000e+07
3.145994400000000000e+07
3.704757400000000000e+07
2.555679200000000000e+07
5.387403500000000000e+07
1.179393100000000000e+07
3.375011900000000000e+07
1.549840600000000000e+07
5.427893800000000000e+07
3.096275400000000000e+07
2.653181200000000000e+07
2.430531500000000000e+07
5.369286000000000000e+06
4.257813300000000000e+07
3.131071100000000000e+07
1.608595500000000000e+07
7.353515300000000000e+07
1.361056300000000000e+07
4.674602000000000000e+07
3.101583700000000000e+07
3.367994000000000000e+06
3.880682000000000000e+07
2.971742500000000000e+07
9.106172000000000000e+06
4.832462400000000000e+07
3.288610900000000000e+07
1.106183500000000000e+07
5.352867700000000000e+07
9.650190000000000000e+06
6.172198000000000000e+07
6.537107600000000000e+07
4.127892700000000000e+07
4.315717800000000000e+07
2.787903500000000000e+07
4.192036900000000000e+07
4.286915200000000000e+07
1.364660600000000000e+07
5.878586300000000000e+07
7.364480000000000000e+05
5.057003500000000000e+07
5.435930400000000000e+07
5.973623400000000000e+07
2.670149100000000000e+07
4.729860100000000000e+07
3.353345500000000000e+07
3.603255700000000000e+07
2.172016500000000000e+07
2.656779400000000000e+07
1.414073200000000000e+07
3.383653900000000000e+07
3.914728600000000000e+07
4.823190600000000000e+07
4.123652300000000000e+07
4.140501000000000000e+06
5.519430000000000000e+05
5.880338000000000000e+06
3.318024900000000000e+07
1.627894800000000000e+07
2.934519300000000000e+07
5.598050600000000000e+07
1.820372100000000000e+07
5.151601400000000000e+07
3.336137400000000000e+07
1.283072800000000000e+07
1.880999500000000000e+07
5.180631100000000000e+07
7.246804000000000000e+07
3.157025000000000000e+07
1.339881500000000000e+07
4.809806600000000000e+07
3.078354700000000000e+07
6.523291900000000000e+07
2.437718900000000000e+07
1.613888800000000000e+07
2.229350400000000000e+07
2.497489600000000000e+07
3.155054700000000000e+07
5.812770000000000000e+06
5.493351000000000000e+07
1.605218000000000000e+06
1.627146400000000000e+07
1.945130400000000000e+07
2.188805700000000000e+07
2.022713900000000000e+07
2.139256600000000000e+07
2.424510900000000000e+07
1.901897200000000000e+07
8.105801000000000000e+06
2.080755500000000000e+07
4.360774500000000000e+07
4.069110600000000000e+07
5.457250000000000000e+07
2.987547500000000000e+07
3.251123900000000000e+07
4.838626800000000000e+07
4.561305100000000000e+07
1.890404300000000000e+07
4.353151200000000000e+07
4.021180600000000000e+07
5.938947400000000000e+07
2.426483600000000000e+07
1.910580300000000000e+07
7.567233000000000000e+06
3.367830400000000000e+07
5.499296200000000000e+07
1.193695000000000000e+07
4.015104900000000000e+07
9.111342000000000000e+06
2.120604300000000000e+07
4.896983800000000000e+07
2.477347100000000000e+07
4.224059600000000000e+07
4.643382800000000000e+07
5.982625000000000000e+06
5.549620100000000000e+07
3.803099800000000000e+07
2.548415800000000000e+07
4.755000200000000000e+07
4.881468500000000000e+07
5.662397800000000000e+07
2.560907900000000000e+07
4.926407100000000000e+07
2.767136200000000000e+07
1.050821000000000000e+07
3.822507600000000000e+07
6.512539500000000000e+07
6.236448100000000000e+07
5.580870000000000000e+06
1.551785500000000000e+07
2.073543100000000000e+07
1.354002000000000000e+07
1.817192000000000000e+07
1.494662000000000000e+07
5.124635300000000000e+07
8.808530000000000000e+05
4.210680700000000000e+07
4.120495300000000000e+07
3.432642900000000000e+07
5.287093500000000000e+07
3.246938100000000000e+07
4.012017100000000000e+07
1.944655200000000000e+07
4.716592700000000000e+07
5.303466400000000000e+07
5.926179800000000000e+07
1.978668900000000000e+07
5.680194300000000000e+07
1.176294000000000000e+07
1.588744000000000000e+07
2.076983400000000000e+07
2.372938200000000000e+07
5.079810600000000000e+07
6.809981000000000000e+06
5.501192000000000000e+07
1.640052400000000000e+07
2.830782600000000000e+07
3.230370100000000000e+07
2.538128500000000000e+07
5.074971200000000000e+07
5.299930000000000000e+07
2.015155000000000000e+07
4.692807000000000000e+06
2.842626300000000000e+07
3.036671000000000000e+07
3.280456700000000000e+07
5.903313100000000000e+07
8.112172000000000000e+06
1.718810600000000000e+07
5.743080100000000000e+07
3.207101200000000000e+07
5.288206000000000000e+07
6.255938000000000000e+06
2.449553900000000000e+07
5.185223200000000000e+07
3.883823500000000000e+07
3.104491800000000000e+07
3.959262600000000000e+07
5.225340100000000000e+07
4.280496300000000000e+07
6.788378000000000000e+06
1.642336400000000000e+07
6.321504500000000000e+07
1.383427600000000000e+07
3.717799000000000000e+07
2.771175800000000000e+07
5.662655000000000000e+07
4.428947300000000000e+07
4.489774000000000000e+06
9.855727000000000000e+06
1.376782700000000000e+07
1.376864800000000000e+07
3.746799300000000000e+07
3.249600000000000000e+07
3.692734300000000000e+07
4.142241800000000000e+07
4.329261600000000000e+07
4.562424300000000000e+07
5.824611400000000000e+07
8.542920000000000000e+06
4.668858000000000000e+07
3.315271000000000000e+07
5.935163700000000000e+07
2.424552200000000000e+07
5.965010100000000000e+07
5.844954400000000000e+07
1.204709000000000000e+06
4.401377200000000000e+07
7.282550000000000000e+06
4.002128300000000000e+07
3.486053000000000000e+07
5.284181700000000000e+07
3.614302000000000000e+07
2.602369400000000000e+07
1.938593000000000000e+07
1.942673500000000000e+07
5.774930800000000000e+07
3.739195200000000000e+07
2.574607700000000000e+07
5.548494500000000000e+07
1.553980600000000000e+07
7.016958000000000000e+06
5.672964000000000000e+07
5.104630400000000000e+07
1.208523600000000000e+07
4.193138500000000000e+07
4.834848200000000000e+07
1.906367900000000000e+07
4.056996900000000000e+07
2.331501000000000000e+06
5.822624100000000000e+07
6.052303400000000000e+07
3.353762600000000000e+07
5.775223900000000000e+07
2.295411300000000000e+07
1.699020400000000000e+07
2.866874200000000000e+07
1.996474500000000000e+07
1.542586300000000000e+07
1.769008100000000000e+07
5.281802500000000000e+07
5.313758900000000000e+07
2.529680800000000000e+07
3.733709600000000000e+07
1.624200400000000000e+07
2.128480100000000000e+07
1.230244300000000000e+07
6.701344400000000000e+07
3.727987500000000000e+07
5.242390100000000000e+07
6.068885900000000000e+07
1.697207300000000000e+07
6.296027300000000000e+07
3.289322300000000000e+07
2.357415800000000000e+07
1.550784800000000000e+07
4.795085200000000000e+07
5.339210000000000000e+06
3.601211700000000000e+07
2.896541300000000000e+07
7.162071200000000000e+07
3.381134000000000000e+07
5.568341600000000000e+07
4.436868700000000000e+07
5.959110000000000000e+06
2.385463000000000000e+07
3.686757500000000000e+07
5.049006000000000000e+07
4.907167200000000000e+07
8.663050000000000000e+06
5.051144400000000000e+07
8.529478000000000000e+06
5.633608600000000000e+07
5.930264000000000000e+07
5.372546000000000000e+07
1.887828000000000000e+06
6.111551800000000000e+07
6.405402000000000000e+06
1.088803000000000000e+07
5.419249500000000000e+07
5.310457500000000000e+07
1.472959400000000000e+07
3.607357100000000000e+07
5.625379700000000000e+07
2.786914200000000000e+07
1.778720100000000000e+07
4.626896500000000000e+07
4.584692200000000000e+07
9.489264000000000000e+06
4.828512700000000000e+07
3.305475300000000000e+07
6.018817400000000000e+07
4.281469000000000000e+07
3.852730800000000000e+07
5.019561100000000000e+07
5.289924700000000000e+07
1.953715300000000000e+07
8.157886000000000000e+06
3.432396800000000000e+07
1.760500900000000000e+07
6.379155300000000000e+07
5.687191800000000000e+07
5.497996300000000000e+07
2.495773400000000000e+07
6.627218000000000000e+06
5.854358000000000000e+06
6.168593300000000000e+07
3.129588200000000000e+07
5.887812900000000000e+07
3.036275400000000000e+07
2.543994400000000000e+07
4.544770700000000000e+07
3.290661400000000000e+07
2.468089800000000000e+07
4.056321600000000000e+07
1.582992200000000000e+07
4.915843400000000000e+07
6.073438900000000000e+07
3.247293900000000000e+07
5.417063800000000000e+07
1.840872400000000000e+07
4.660634400000000000e+07
2.192277200000000000e+07
4.730011800000000000e+07
4.627009900000000000e+07
3.852110100000000000e+07
3.208289900000000000e+07
4.428791400000000000e+07
3.898654200000000000e+07
1.713903300000000000e+07
3.738436400000000000e+07
3.866898300000000000e+07
4.647039600000000000e+07
2.739159700000000000e+07
6.461004000000000000e+07
1.519420800000000000e+07
6.025871300000000000e+07
4.071268100000000000e+07
5.287224300000000000e+07
5.225633000000000000e+06
3.851772900000000000e+07
3.156217100000000000e+07
4.826382500000000000e+07
4.029750300000000000e+07
2.514154100000000000e+07
5.963714100000000000e+07
1.390993400000000000e+07
3.650872600000000000e+07
3.245847600000000000e+07
7.288169000000000000e+06
6.709306100000000000e+07
3.552052800000000000e+07
2.854968700000000000e+07
3.679387900000000000e+07
3.566766800000000000e+07
1.722742500000000000e+07
7.428652000000000000e+06
3.987769300000000000e+07
5.366065200000000000e+07
5.454132100000000000e+07
1.532218200000000000e+07
3.224296000000000000e+06
2.568649000000000000e+07
4.273742200000000000e+07
4.457408100000000000e+07
2.179627500000000000e+07
3.258990400000000000e+07
6.296500000000000000e+05
3.066424300000000000e+07
1.249707200000000000e+07
2.822478500000000000e+07
6.285189700000000000e+07
1.517024400000000000e+07
1.648562300000000000e+07
4.408600100000000000e+07
3.998838600000000000e+07
4.947806900000000000e+07
3.033807900000000000e+07
5.127618600000000000e+07
7.089756600000000000e+07
5.592774800000000000e+07
4.545193700000000000e+07
1.912802800000000000e+07
2.322666700000000000e+07
1.084806600000000000e+07
3.474272600000000000e+07
2.044373000000000000e+07
4.104792500000000000e+07
3.706357600000000000e+07
4.203633900000000000e+07
4.417397200000000000e+07
5.268225300000000000e+07
4.652806000000000000e+06
2.695353200000000000e+07
5.255490900000000000e+07
2.252149700000000000e+07
4.811111700000000000e+07
4.853934100000000000e+07
3.505815500000000000e+07
4.309692500000000000e+07
3.694290500000000000e+07
4.726406900000000000e+07
3.544059000000000000e+06
7.151398700000000000e+07
5.995835700000000000e+07
2.118679000000000000e+07
1.668066400000000000e+07
1.801161400000000000e+07
1.059884900000000000e+07
1.288681500000000000e+07
1.219154000000000000e+07
4.850741800000000000e+07
2.288885700000000000e+07
1.826688000000000000e+07
3.888785000000000000e+07
3.220849100000000000e+07
1.581811600000000000e+07
4.098939100000000000e+07
6.320047700000000000e+07
4.739383400000000000e+07
3.028314200000000000e+07
1.830281800000000000e+07
1.936120200000000000e+07
6.739695900000000000e+07
5.455848000000000000e+07
3.536593600000000000e+07
2.445327600000000000e+07
4.374642000000000000e+06
4.881181700000000000e+07
5.810737200000000000e+07
2.102048900000000000e+07
3.228732100000000000e+07
3.324248900000000000e+07
7.383286000000000000e+06
2.811854100000000000e+07
1.984601000000000000e+06
4.716394600000000000e+07
1.416166100000000000e+07
3.759696400000000000e+07
2.382637900000000000e+07
1.550903000000000000e+07
5.175426700000000000e+07
5.414828100000000000e+07
3.552653500000000000e+07
3.328269100000000000e+07
3.103779400000000000e+07
3.847024200000000000e+07
1.176730200000000000e+07
4.021090900000000000e+07
5.776285300000000000e+07
1.569870000000000000e+06
4.800840100000000000e+07
5.631477700000000000e+07
4.935789800000000000e+07
2.494791900000000000e+07
2.706742400000000000e+07
4.989690300000000000e+07
7.159361000000000000e+06
3.952717300000000000e+07
5.852875900000000000e+07
2.876998200000000000e+07
4.616478500000000000e+07
2.465074500000000000e+07
3.366252900000000000e+07
2.546031600000000000e+07
2.335980400000000000e+07
1.593235500000000000e+07
1.960751400000000000e+07
5.001276400000000000e+07
2.762976600000000000e+07
3.988290700000000000e+07
5.224096500000000000e+07
1.430659800000000000e+07
1.428736400000000000e+07
2.189542300000000000e+07
4.872887200000000000e+07
3.849549900000000000e+07
1.674741000000000000e+06
5.897020800000000000e+07
6.350848200000000000e+07
3.150640600000000000e+07
2.489179000000000000e+07
5.296881100000000000e+07
6.425282900000000000e+07
1.741658600000000000e+07
2.462051400000000000e+07
5.939614000000000000e+07
4.715312800000000000e+07
5.837360000000000000e+05
6.132000000000000000e+07
3.630133800000000000e+07
2.463506900000000000e+07
3.208897400000000000e+07
3.587468400000000000e+07
4.947264600000000000e+07
4.086393300000000000e+07
6.218121100000000000e+07
4.643215400000000000e+07
3.124272000000000000e+07
2.336515700000000000e+07
1.466024500000000000e+07
3.895127400000000000e+07
5.239150100000000000e+07
3.673119400000000000e+07
2.250046500000000000e+07
5.330720600000000000e+07
5.901793300000000000e+07
2.447066200000000000e+07
9.809854000000000000e+06
5.697412700000000000e+07
2.711034200000000000e+07
2.879153900000000000e+07
2.599267500000000000e+07
2.710221900000000000e+07
5.668927500000000000e+07
3.823173200000000000e+07
4.959221800000000000e+07
5.378518500000000000e+07
6.304772200000000000e+07
2.261646700000000000e+07
1.197192900000000000e+07
5.251090300000000000e+07
4.615460300000000000e+07
4.252539300000000000e+07
1.829207800000000000e+07
9.915106000000000000e+06
4.179820400000000000e+07
4.119452200000000000e+07
1.777425300000000000e+07
1.337491700000000000e+07
1.805623000000000000e+07
2.780279400000000000e+07
4.938662000000000000e+07
4.062065100000000000e+07
4.837907800000000000e+07
3.289077900000000000e+07
5.556473000000000000e+06
4.874744800000000000e+07
3.882906300000000000e+07
2.371486400000000000e+07
3.286396400000000000e+07
6.755158200000000000e+07
2.898419400000000000e+07
5.510192300000000000e+07
4.127683200000000000e+07
3.156152100000000000e+07
5.383316000000000000e+07
2.547539500000000000e+07
4.628254700000000000e+07
2.523977000000000000e+07
3.490928500000000000e+07
3.218629300000000000e+07
1.066303200000000000e+07
4.798775400000000000e+07
4.415424000000000000e+07
5.128426000000000000e+07
5.111710100000000000e+07
5.809921400000000000e+07
4.315658700000000000e+07
5.174487200000000000e+07
4.321773000000000000e+06
4.491751800000000000e+07
5.676125000000000000e+06
3.336565900000000000e+07
4.104324100000000000e+07
5.582370200000000000e+07
3.910361600000000000e+07
4.107121200000000000e+07
4.860812200000000000e+07
5.219978100000000000e+07
2.547631700000000000e+07
3.871209000000000000e+07
5.177614000000000000e+07
2.937364000000000000e+07
1.642612700000000000e+07
2.776840000000000000e+06
2.579068900000000000e+07
4.423227000000000000e+07
3.268891900000000000e+07
2.402349500000000000e+07
5.555880700000000000e+07
2.857338800000000000e+07
4.016901300000000000e+07
6.720642400000000000e+07
3.464825000000000000e+07
4.501939100000000000e+07
3.813405400000000000e+07
2.934720000000000000e+07
2.834027400000000000e+07
2.362102000000000000e+07
3.103476300000000000e+07
6.275574400000000000e+07
5.106660500000000000e+07
4.173145300000000000e+07
1.156856200000000000e+07
1.510575000000000000e+06
9.830296000000000000e+06
3.470954000000000000e+06
1.382768400000000000e+07
1.564340500000000000e+07
5.180917500000000000e+07
1.800021500000000000e+07
2.811338200000000000e+07
4.697754500000000000e+07
2.062772700000000000e+07
5.681013800000000000e+07
2.347218700000000000e+07
3.273082100000000000e+07
3.821876400000000000e+07
4.210646400000000000e+07
2.490733000000000000e+07
9.932010000000000000e+06
2.740743800000000000e+07
4.642065800000000000e+07
3.206034800000000000e+07
1.028495100000000000e+07
5.529987600000000000e+07
3.557412700000000000e+07
5.418218700000000000e+07
2.308577500000000000e+07
5.673009500000000000e+07
6.381979600000000000e+07
3.006215200000000000e+07
1.951917600000000000e+07
2.319708800000000000e+07
1.719283100000000000e+07
9.095179000000000000e+06
1.719898100000000000e+07
1.906449300000000000e+07
2.967337000000000000e+06
2.727172500000000000e+07
1.717371100000000000e+07
4.116230200000000000e+07
2.766229900000000000e+07
2.440135300000000000e+07
2.802503500000000000e+07
6.149736000000000000e+06
4.442049800000000000e+07
1.268357400000000000e+07
4.685674400000000000e+07
1.237415200000000000e+07
3.194084700000000000e+07
2.107943800000000000e+07
5.800096000000000000e+06
3.735790300000000000e+07
2.249655400000000000e+07
2.225807600000000000e+07
1.913950000000000000e+06
5.415602200000000000e+07
2.338379500000000000e+07
2.138302000000000000e+07
2.954861300000000000e+07
3.013164000000000000e+06
5.392918000000000000e+06
1.863475600000000000e+07
2.047755500000000000e+07
1.620150600000000000e+07
2.998164000000000000e+07
3.194764600000000000e+07
2.426190400000000000e+07
2.831916400000000000e+07
1.535935900000000000e+07
3.595330000000000000e+06
1.958212700000000000e+07
1.534500000000000000e+06
2.809545500000000000e+07
2.978602900000000000e+07
5.561207000000000000e+06
1.928368000000000000e+07
1.105356900000000000e+07
3.931631400000000000e+07
3.241290600000000000e+07
1.104845500000000000e+07
4.020228800000000000e+07
3.537066000000000000e+07
4.169485400000000000e+07
1.327565500000000000e+07
6.304851000000000000e+06
1.355859200000000000e+07
5.282447000000000000e+06
1.414088000000000000e+07
4.597491100000000000e+07
8.277353000000000000e+06
1.790118100000000000e+07
1.138420000000000000e+07
7.563098000000000000e+06
1.070365900000000000e+07
1.970011100000000000e+07
5.233534400000000000e+07
1.064459700000000000e+07
2.313745400000000000e+07
2.077207200000000000e+07
2.102949800000000000e+07
2.747720400000000000e+07
7.023928000000000000e+06
3.841187700000000000e+07
4.343935200000000000e+07
6.021452800000000000e+07
8.427093000000000000e+06
1.922616100000000000e+07
5.607723000000000000e+06
2.777396400000000000e+07
2.870021900000000000e+07
1.351983600000000000e+07
3.122351500000000000e+07
3.235482300000000000e+07
4.383618100000000000e+07
4.738454700000000000e+07
3.698073400000000000e+07
4.965569700000000000e+07
2.888187500000000000e+07
5.773327600000000000e+07
3.046931900000000000e+07
1.556510100000000000e+07
2.320759700000000000e+07
2.414765800000000000e+07
4.080354300000000000e+07
7.485125000000000000e+06
2.366771900000000000e+07
3.376900900000000000e+07
2.162366000000000000e+06
1.418859600000000000e+07
3.308568400000000000e+07
1.259819000000000000e+06
1.280280300000000000e+07
1.297327900000000000e+07
3.763425200000000000e+07
1.382991400000000000e+07
3.974912700000000000e+07
2.691833600000000000e+07
1.768665600000000000e+07
4.516290000000000000e+05
1.203280000000000000e+06
2.897580400000000000e+07
2.834521000000000000e+07
5.862214500000000000e+07
1.357341200000000000e+07
4.859252500000000000e+07
1.302337200000000000e+07
1.833382600000000000e+07
1.364142900000000000e+07
1.840698300000000000e+07
