# 	 Sampled Nmax Distribution / Shower Mean Nmax
1.602222566446928731e+00
8.632893960647198828e-01
2.064599112805342029e-01
4.225254008448777604e-02
1.109600452858789499e+00
1.520118880848905452e+00
9.453930816627431621e-01
7.811857104666967144e-01
2.064599112805342029e-01
1.520118880848905452e+00
2.423259422427160636e+00
2.885635968785573713e-01
6.169783392706502667e-01
4.225254008448777604e-02
6.990820248686735461e-01
1.438015195250882172e+00
1.520118880848905452e+00
4.225254008448777604e-02
1.355911509652859115e+00
3.706672824765806507e-01
1.191704138456812778e+00
1.520118880848905452e+00
8.632893960647198828e-01
1.848533623240998347e+00
1.684326252044952010e+00
2.885635968785573713e-01
1.520118880848905452e+00
6.169783392706502667e-01
1.602222566446928731e+00
8.632893960647198828e-01
1.243562256825109791e-01
6.169783392706502667e-01
1.438015195250882172e+00
4.225254008448777604e-02
1.848533623240998347e+00
9.453930816627431621e-01
1.355911509652859115e+00
1.273807824054835836e+00
1.109600452858789499e+00
9.453930816627431621e-01
2.885635968785573713e-01
5.348746536726270984e-01
6.990820248686735461e-01
4.527709680746038190e-01
1.766429937642975068e+00
4.527709680746038190e-01
2.012740994437044684e+00
5.348746536726270984e-01
3.706672824765806507e-01
6.990820248686735461e-01
1.684326252044952010e+00
2.064599112805342029e-01
1.848533623240998347e+00
2.012740994437044684e+00
2.064599112805342029e-01
1.109600452858789499e+00
2.176948365633091242e+00
1.602222566446928731e+00
3.706672824765806507e-01
1.684326252044952010e+00
5.348746536726270984e-01
1.766429937642975068e+00
2.064599112805342029e-01
1.684326252044952010e+00
9.453930816627431621e-01
2.885635968785573713e-01
1.930637308839021404e+00
1.602222566446928731e+00
6.169783392706502667e-01
1.684326252044952010e+00
1.109600452858789499e+00
4.527709680746038190e-01
4.527709680746038190e-01
3.706672824765806507e-01
4.527709680746038190e-01
1.273807824054835836e+00
1.438015195250882172e+00
3.706672824765806507e-01
4.527709680746038190e-01
2.885635968785573713e-01
1.243562256825109791e-01
1.243562256825109791e-01
1.273807824054835836e+00
2.885635968785573713e-01
5.348746536726270984e-01
1.355911509652859115e+00
2.885635968785573713e-01
8.632893960647198828e-01
1.355911509652859115e+00
8.632893960647198828e-01
5.348746536726270984e-01
1.109600452858789499e+00
1.520118880848905452e+00
1.191704138456812778e+00
6.169783392706502667e-01
1.355911509652859115e+00
1.355911509652859115e+00
1.684326252044952010e+00
6.990820248686735461e-01
4.225254008448777604e-02
1.191704138456812778e+00
2.885635968785573713e-01
8.632893960647198828e-01
1.766429937642975068e+00
1.438015195250882172e+00
8.632893960647198828e-01
4.225254008448777604e-02
7.811857104666967144e-01
1.602222566446928731e+00
2.423259422427160636e+00
1.355911509652859115e+00
5.348746536726270984e-01
2.064599112805342029e-01
1.930637308839021404e+00
3.706672824765806507e-01
1.684326252044952010e+00
1.930637308839021404e+00
6.169783392706502667e-01
1.273807824054835836e+00
1.027496767260766219e+00
3.706672824765806507e-01
1.520118880848905452e+00
1.109600452858789499e+00
1.191704138456812778e+00
1.684326252044952010e+00
1.930637308839021404e+00
1.438015195250882172e+00
1.027496767260766219e+00
3.706672824765806507e-01
1.109600452858789499e+00
1.109600452858789499e+00
1.438015195250882172e+00
1.355911509652859115e+00
1.027496767260766219e+00
1.109600452858789499e+00
1.355911509652859115e+00
1.355911509652859115e+00
2.259052051231114966e+00
3.706672824765806507e-01
1.930637308839021404e+00
4.527709680746038190e-01
4.527709680746038190e-01
1.027496767260766219e+00
1.438015195250882172e+00
1.602222566446928731e+00
1.520118880848905452e+00
2.176948365633091242e+00
1.027496767260766219e+00
8.632893960647198828e-01
1.602222566446928731e+00
2.885635968785573713e-01
1.273807824054835836e+00
2.885635968785573713e-01
5.348746536726270984e-01
6.990820248686735461e-01
6.169783392706502667e-01
1.027496767260766219e+00
9.453930816627431621e-01
5.348746536726270984e-01
7.811857104666967144e-01
1.520118880848905452e+00
2.064599112805342029e-01
7.811857104666967144e-01
3.706672824765806507e-01
1.766429937642975068e+00
1.273807824054835836e+00
1.766429937642975068e+00
1.520118880848905452e+00
1.602222566446928731e+00
1.191704138456812778e+00
8.632893960647198828e-01
1.273807824054835836e+00
2.012740994437044684e+00
2.885635968785573713e-01
2.885635968785573713e-01
1.438015195250882172e+00
1.438015195250882172e+00
6.990820248686735461e-01
1.355911509652859115e+00
1.848533623240998347e+00
1.602222566446928731e+00
6.990820248686735461e-01
1.109600452858789499e+00
2.094844680035068407e+00
1.243562256825109791e-01
8.632893960647198828e-01
1.930637308839021404e+00
6.169783392706502667e-01
8.632893960647198828e-01
1.027496767260766219e+00
4.225254008448777604e-02
6.990820248686735461e-01
4.225254008448777604e-02
6.169783392706502667e-01
2.885635968785573713e-01
5.348746536726270984e-01
1.109600452858789499e+00
1.766429937642975068e+00
1.355911509652859115e+00
6.990820248686735461e-01
1.520118880848905452e+00
7.811857104666967144e-01
2.885635968785573713e-01
6.169783392706502667e-01
2.064599112805342029e-01
6.990820248686735461e-01
1.520118880848905452e+00
8.632893960647198828e-01
1.355911509652859115e+00
1.520118880848905452e+00
1.520118880848905452e+00
9.453930816627431621e-01
5.348746536726270984e-01
1.766429937642975068e+00
1.027496767260766219e+00
1.684326252044952010e+00
2.064599112805342029e-01
1.355911509652859115e+00
1.027496767260766219e+00
1.438015195250882172e+00
1.520118880848905452e+00
7.811857104666967144e-01
1.848533623240998347e+00
9.453930816627431621e-01
1.684326252044952010e+00
2.012740994437044684e+00
3.706672824765806507e-01
1.027496767260766219e+00
1.602222566446928731e+00
1.684326252044952010e+00
7.811857104666967144e-01
4.527709680746038190e-01
1.438015195250882172e+00
1.684326252044952010e+00
1.243562256825109791e-01
2.885635968785573713e-01
4.527709680746038190e-01
1.520118880848905452e+00
7.811857104666967144e-01
1.027496767260766219e+00
1.027496767260766219e+00
4.225254008448777604e-02
1.191704138456812778e+00
9.453930816627431621e-01
5.348746536726270984e-01
8.632893960647198828e-01
1.602222566446928731e+00
4.225254008448777604e-02
1.273807824054835836e+00
6.990820248686735461e-01
1.191704138456812778e+00
9.453930816627431621e-01
6.990820248686735461e-01
2.094844680035068407e+00
5.348746536726270984e-01
1.930637308839021404e+00
6.990820248686735461e-01
8.632893960647198828e-01
2.064599112805342029e-01
2.064599112805342029e-01
3.706672824765806507e-01
4.225254008448777604e-02
2.064599112805342029e-01
1.355911509652859115e+00
1.766429937642975068e+00
1.438015195250882172e+00
2.064599112805342029e-01
2.885635968785573713e-01
4.527709680746038190e-01
9.453930816627431621e-01
2.064599112805342029e-01
6.169783392706502667e-01
7.811857104666967144e-01
2.064599112805342029e-01
2.176948365633091242e+00
1.109600452858789499e+00
5.348746536726270984e-01
1.243562256825109791e-01
1.684326252044952010e+00
1.602222566446928731e+00
1.243562256825109791e-01
1.191704138456812778e+00
8.632893960647198828e-01
4.225254008448777604e-02
1.848533623240998347e+00
4.225254008448777604e-02
1.766429937642975068e+00
6.169783392706502667e-01
9.453930816627431621e-01
2.885635968785573713e-01
4.527709680746038190e-01
9.453930816627431621e-01
5.348746536726270984e-01
1.191704138456812778e+00
1.027496767260766219e+00
1.273807824054835836e+00
7.811857104666967144e-01
1.027496767260766219e+00
2.012740994437044684e+00
3.706672824765806507e-01
8.632893960647198828e-01
2.885635968785573713e-01
1.438015195250882172e+00
7.811857104666967144e-01
1.520118880848905452e+00
8.632893960647198828e-01
6.169783392706502667e-01
6.990820248686735461e-01
1.684326252044952010e+00
1.027496767260766219e+00
6.169783392706502667e-01
6.169783392706502667e-01
7.811857104666967144e-01
1.520118880848905452e+00
1.273807824054835836e+00
1.027496767260766219e+00
1.602222566446928731e+00
1.027496767260766219e+00
2.176948365633091242e+00
1.766429937642975068e+00
1.520118880848905452e+00
1.930637308839021404e+00
4.225254008448777604e-02
1.520118880848905452e+00
1.766429937642975068e+00
1.109600452858789499e+00
8.632893960647198828e-01
2.885635968785573713e-01
5.348746536726270984e-01
8.632893960647198828e-01
8.632893960647198828e-01
6.990820248686735461e-01
2.885635968785573713e-01
2.176948365633091242e+00
1.027496767260766219e+00
1.273807824054835836e+00
7.811857104666967144e-01
6.990820248686735461e-01
1.602222566446928731e+00
1.766429937642975068e+00
1.243562256825109791e-01
6.990820248686735461e-01
1.355911509652859115e+00
1.848533623240998347e+00
2.094844680035068407e+00
7.811857104666967144e-01
1.848533623240998347e+00
1.273807824054835836e+00
3.706672824765806507e-01
3.706672824765806507e-01
5.348746536726270984e-01
1.520118880848905452e+00
1.243562256825109791e-01
3.706672824765806507e-01
4.527709680746038190e-01
1.027496767260766219e+00
1.602222566446928731e+00
9.453930816627431621e-01
9.453930816627431621e-01
1.109600452858789499e+00
3.706672824765806507e-01
6.169783392706502667e-01
1.684326252044952010e+00
4.225254008448777604e-02
1.602222566446928731e+00
1.438015195250882172e+00
8.632893960647198828e-01
1.684326252044952010e+00
7.811857104666967144e-01
1.766429937642975068e+00
1.109600452858789499e+00
1.355911509652859115e+00
1.027496767260766219e+00
1.520118880848905452e+00
1.273807824054835836e+00
2.259052051231114966e+00
2.259052051231114966e+00
3.706672824765806507e-01
1.027496767260766219e+00
1.602222566446928731e+00
1.848533623240998347e+00
1.027496767260766219e+00
1.766429937642975068e+00
1.355911509652859115e+00
1.243562256825109791e-01
1.438015195250882172e+00
7.811857104666967144e-01
9.453930816627431621e-01
4.527709680746038190e-01
8.632893960647198828e-01
5.348746536726270984e-01
4.225254008448777604e-02
2.064599112805342029e-01
2.176948365633091242e+00
6.169783392706502667e-01
1.520118880848905452e+00
1.602222566446928731e+00
1.027496767260766219e+00
1.273807824054835836e+00
9.453930816627431621e-01
1.109600452858789499e+00
1.027496767260766219e+00
2.094844680035068407e+00
4.527709680746038190e-01
5.348746536726270984e-01
2.885635968785573713e-01
8.632893960647198828e-01
7.811857104666967144e-01
1.766429937642975068e+00
1.438015195250882172e+00
6.169783392706502667e-01
5.348746536726270984e-01
6.990820248686735461e-01
2.064599112805342029e-01
9.453930816627431621e-01
6.990820248686735461e-01
8.632893960647198828e-01
1.766429937642975068e+00
1.273807824054835836e+00
2.885635968785573713e-01
6.169783392706502667e-01
1.027496767260766219e+00
1.273807824054835836e+00
1.766429937642975068e+00
1.273807824054835836e+00
4.527709680746038190e-01
1.602222566446928731e+00
2.012740994437044684e+00
1.109600452858789499e+00
1.848533623240998347e+00
8.632893960647198828e-01
1.520118880848905452e+00
1.027496767260766219e+00
2.259052051231114966e+00
2.094844680035068407e+00
2.064599112805342029e-01
1.684326252044952010e+00
1.766429937642975068e+00
4.527709680746038190e-01
5.348746536726270984e-01
4.225254008448777604e-02
2.064599112805342029e-01
1.109600452858789499e+00
1.684326252044952010e+00
1.273807824054835836e+00
1.273807824054835836e+00
4.225254008448777604e-02
3.706672824765806507e-01
2.064599112805342029e-01
1.684326252044952010e+00
5.348746536726270984e-01
1.930637308839021404e+00
6.169783392706502667e-01
1.520118880848905452e+00
4.225254008448777604e-02
6.990820248686735461e-01
1.602222566446928731e+00
3.706672824765806507e-01
3.706672824765806507e-01
1.930637308839021404e+00
7.811857104666967144e-01
1.355911509652859115e+00
4.527709680746038190e-01
1.520118880848905452e+00
1.273807824054835836e+00
2.064599112805342029e-01
4.225254008448777604e-02
5.348746536726270984e-01
8.632893960647198828e-01
2.012740994437044684e+00
4.527709680746038190e-01
7.811857104666967144e-01
4.527709680746038190e-01
6.990820248686735461e-01
2.012740994437044684e+00
1.355911509652859115e+00
1.273807824054835836e+00
7.811857104666967144e-01
5.348746536726270984e-01
1.027496767260766219e+00
2.064599112805342029e-01
1.027496767260766219e+00
6.169783392706502667e-01
1.355911509652859115e+00
2.094844680035068407e+00
1.766429937642975068e+00
2.064599112805342029e-01
2.064599112805342029e-01
1.355911509652859115e+00
5.348746536726270984e-01
8.632893960647198828e-01
2.012740994437044684e+00
1.766429937642975068e+00
5.348746536726270984e-01
1.438015195250882172e+00
9.453930816627431621e-01
4.225254008448777604e-02
7.811857104666967144e-01
2.885635968785573713e-01
1.273807824054835836e+00
4.225254008448777604e-02
7.811857104666967144e-01
1.848533623240998347e+00
2.012740994437044684e+00
1.848533623240998347e+00
1.027496767260766219e+00
6.169783392706502667e-01
7.811857104666967144e-01
2.064599112805342029e-01
1.027496767260766219e+00
1.191704138456812778e+00
1.109600452858789499e+00
1.848533623240998347e+00
1.191704138456812778e+00
8.632893960647198828e-01
2.064599112805342029e-01
1.027496767260766219e+00
1.930637308839021404e+00
1.191704138456812778e+00
2.885635968785573713e-01
1.684326252044952010e+00
7.811857104666967144e-01
1.520118880848905452e+00
1.438015195250882172e+00
1.766429937642975068e+00
1.027496767260766219e+00
1.602222566446928731e+00
8.632893960647198828e-01
1.243562256825109791e-01
4.527709680746038190e-01
2.064599112805342029e-01
1.438015195250882172e+00
6.169783392706502667e-01
1.027496767260766219e+00
1.684326252044952010e+00
1.027496767260766219e+00
3.706672824765806507e-01
1.930637308839021404e+00
1.109600452858789499e+00
7.811857104666967144e-01
1.766429937642975068e+00
1.684326252044952010e+00
2.259052051231114966e+00
1.027496767260766219e+00
2.259052051231114966e+00
1.602222566446928731e+00
9.453930816627431621e-01
1.438015195250882172e+00
7.811857104666967144e-01
6.169783392706502667e-01
6.990820248686735461e-01
1.027496767260766219e+00
4.527709680746038190e-01
1.848533623240998347e+00
1.109600452858789499e+00
2.259052051231114966e+00
1.109600452858789499e+00
3.706672824765806507e-01
2.012740994437044684e+00
8.632893960647198828e-01
1.273807824054835836e+00
2.176948365633091242e+00
2.064599112805342029e-01
1.355911509652859115e+00
1.766429937642975068e+00
6.169783392706502667e-01
4.527709680746038190e-01
1.930637308839021404e+00
6.169783392706502667e-01
5.348746536726270984e-01
8.632893960647198828e-01
4.527709680746038190e-01
9.453930816627431621e-01
1.848533623240998347e+00
4.527709680746038190e-01
1.355911509652859115e+00
6.990820248686735461e-01
1.355911509652859115e+00
1.191704138456812778e+00
1.520118880848905452e+00
2.064599112805342029e-01
2.885635968785573713e-01
1.027496767260766219e+00
9.453930816627431621e-01
1.520118880848905452e+00
1.109600452858789499e+00
9.453930816627431621e-01
7.811857104666967144e-01
4.225254008448777604e-02
6.169783392706502667e-01
1.438015195250882172e+00
1.109600452858789499e+00
1.355911509652859115e+00
1.438015195250882172e+00
1.027496767260766219e+00
5.348746536726270984e-01
1.602222566446928731e+00
2.259052051231114966e+00
6.169783392706502667e-01
1.191704138456812778e+00
1.930637308839021404e+00
2.064599112805342029e-01
9.453930816627431621e-01
6.990820248686735461e-01
2.064599112805342029e-01
2.064599112805342029e-01
6.990820248686735461e-01
1.273807824054835836e+00
1.243562256825109791e-01
4.225254008448777604e-02
2.423259422427160636e+00
1.191704138456812778e+00
9.453930816627431621e-01
6.990820248686735461e-01
6.169783392706502667e-01
1.520118880848905452e+00
6.990820248686735461e-01
6.169783392706502667e-01
1.191704138456812778e+00
1.109600452858789499e+00
6.169783392706502667e-01
4.527709680746038190e-01
8.632893960647198828e-01
2.064599112805342029e-01
1.766429937642975068e+00
1.273807824054835836e+00
9.453930816627431621e-01
1.243562256825109791e-01
1.602222566446928731e+00
1.684326252044952010e+00
2.341155736829137801e+00
1.438015195250882172e+00
1.602222566446928731e+00
1.243562256825109791e-01
4.225254008448777604e-02
2.064599112805342029e-01
5.348746536726270984e-01
1.243562256825109791e-01
1.191704138456812778e+00
7.811857104666967144e-01
4.527709680746038190e-01
1.109600452858789499e+00
3.706672824765806507e-01
4.225254008448777604e-02
1.930637308839021404e+00
1.766429937642975068e+00
1.848533623240998347e+00
1.602222566446928731e+00
7.811857104666967144e-01
1.766429937642975068e+00
1.684326252044952010e+00
7.811857104666967144e-01
1.602222566446928731e+00
1.602222566446928731e+00
4.225254008448777604e-02
2.012740994437044684e+00
2.885635968785573713e-01
1.766429937642975068e+00
2.885635968785573713e-01
1.602222566446928731e+00
1.109600452858789499e+00
6.169783392706502667e-01
4.225254008448777604e-02
4.225254008448777604e-02
1.243562256825109791e-01
1.438015195250882172e+00
2.064599112805342029e-01
1.027496767260766219e+00
1.191704138456812778e+00
1.766429937642975068e+00
2.885635968785573713e-01
2.094844680035068407e+00
1.520118880848905452e+00
1.684326252044952010e+00
1.109600452858789499e+00
4.527709680746038190e-01
1.027496767260766219e+00
5.348746536726270984e-01
1.109600452858789499e+00
2.094844680035068407e+00
1.273807824054835836e+00
1.027496767260766219e+00
4.527709680746038190e-01
3.706672824765806507e-01
1.438015195250882172e+00
3.706672824765806507e-01
1.930637308839021404e+00
1.027496767260766219e+00
1.027496767260766219e+00
2.094844680035068407e+00
2.176948365633091242e+00
8.632893960647198828e-01
8.632893960647198828e-01
9.453930816627431621e-01
6.990820248686735461e-01
8.632893960647198828e-01
6.990820248686735461e-01
5.348746536726270984e-01
6.169783392706502667e-01
1.273807824054835836e+00
2.064599112805342029e-01
3.706672824765806507e-01
1.602222566446928731e+00
4.527709680746038190e-01
1.766429937642975068e+00
9.453930816627431621e-01
6.169783392706502667e-01
1.684326252044952010e+00
5.348746536726270984e-01
1.273807824054835836e+00
1.027496767260766219e+00
2.259052051231114966e+00
1.191704138456812778e+00
9.453930816627431621e-01
1.684326252044952010e+00
8.632893960647198828e-01
1.109600452858789499e+00
7.811857104666967144e-01
4.527709680746038190e-01
2.259052051231114966e+00
4.527709680746038190e-01
9.453930816627431621e-01
9.453930816627431621e-01
1.520118880848905452e+00
1.027496767260766219e+00
1.520118880848905452e+00
9.453930816627431621e-01
1.027496767260766219e+00
7.811857104666967144e-01
4.225254008448777604e-02
2.885635968785573713e-01
1.273807824054835836e+00
2.012740994437044684e+00
9.453930816627431621e-01
3.706672824765806507e-01
2.885635968785573713e-01
5.348746536726270984e-01
4.527709680746038190e-01
5.348746536726270984e-01
1.109600452858789499e+00
1.109600452858789499e+00
6.169783392706502667e-01
1.602222566446928731e+00
9.453930816627431621e-01
1.191704138456812778e+00
1.684326252044952010e+00
1.027496767260766219e+00
1.355911509652859115e+00
1.243562256825109791e-01
2.259052051231114966e+00
6.990820248686735461e-01
1.027496767260766219e+00
4.527709680746038190e-01
1.191704138456812778e+00
1.355911509652859115e+00
1.766429937642975068e+00
1.684326252044952010e+00
7.811857104666967144e-01
6.169783392706502667e-01
2.064599112805342029e-01
2.341155736829137801e+00
6.990820248686735461e-01
3.706672824765806507e-01
1.355911509652859115e+00
5.348746536726270984e-01
1.602222566446928731e+00
1.438015195250882172e+00
6.169783392706502667e-01
1.109600452858789499e+00
5.348746536726270984e-01
1.684326252044952010e+00
2.094844680035068407e+00
1.273807824054835836e+00
1.684326252044952010e+00
5.348746536726270984e-01
1.684326252044952010e+00
1.243562256825109791e-01
5.348746536726270984e-01
1.766429937642975068e+00
1.355911509652859115e+00
4.225254008448777604e-02
1.930637308839021404e+00
7.811857104666967144e-01
1.191704138456812778e+00
4.527709680746038190e-01
1.355911509652859115e+00
2.064599112805342029e-01
9.453930816627431621e-01
1.355911509652859115e+00
5.348746536726270984e-01
8.632893960647198828e-01
1.027496767260766219e+00
7.811857104666967144e-01
7.811857104666967144e-01
1.273807824054835836e+00
1.930637308839021404e+00
2.012740994437044684e+00
1.027496767260766219e+00
2.885635968785573713e-01
4.225254008448777604e-02
2.885635968785573713e-01
3.706672824765806507e-01
1.191704138456812778e+00
2.094844680035068407e+00
9.453930816627431621e-01
1.766429937642975068e+00
7.811857104666967144e-01
4.225254008448777604e-02
6.990820248686735461e-01
1.520118880848905452e+00
5.348746536726270984e-01
8.632893960647198828e-01
4.225254008448777604e-02
8.632893960647198828e-01
2.064599112805342029e-01
8.632893960647198828e-01
1.930637308839021404e+00
1.438015195250882172e+00
1.520118880848905452e+00
1.684326252044952010e+00
1.438015195250882172e+00
1.355911509652859115e+00
8.632893960647198828e-01
5.348746536726270984e-01
4.527709680746038190e-01
7.811857104666967144e-01
7.811857104666967144e-01
6.169783392706502667e-01
6.990820248686735461e-01
1.438015195250882172e+00
1.848533623240998347e+00
6.169783392706502667e-01
1.027496767260766219e+00
1.438015195250882172e+00
4.527709680746038190e-01
1.027496767260766219e+00
7.811857104666967144e-01
6.990820248686735461e-01
2.064599112805342029e-01
1.191704138456812778e+00
1.273807824054835836e+00
5.348746536726270984e-01
2.176948365633091242e+00
3.706672824765806507e-01
9.453930816627431621e-01
1.520118880848905452e+00
1.243562256825109791e-01
1.684326252044952010e+00
1.273807824054835836e+00
2.176948365633091242e+00
6.169783392706502667e-01
5.348746536726270984e-01
1.355911509652859115e+00
7.811857104666967144e-01
1.602222566446928731e+00
5.348746536726270984e-01
8.632893960647198828e-01
4.225254008448777604e-02
9.453930816627431621e-01
2.012740994437044684e+00
1.191704138456812778e+00
1.273807824054835836e+00
2.012740994437044684e+00
3.706672824765806507e-01
8.632893960647198828e-01
2.885635968785573713e-01
1.438015195250882172e+00
1.766429937642975068e+00
4.527709680746038190e-01
5.348746536726270984e-01
9.453930816627431621e-01
4.225254008448777604e-02
2.885635968785573713e-01
1.191704138456812778e+00
5.348746536726270984e-01
1.191704138456812778e+00
9.453930816627431621e-01
1.191704138456812778e+00
6.169783392706502667e-01
1.438015195250882172e+00
1.355911509652859115e+00
6.169783392706502667e-01
1.766429937642975068e+00
1.684326252044952010e+00
9.453930816627431621e-01
5.348746536726270984e-01
1.355911509652859115e+00
1.273807824054835836e+00
4.225254008448777604e-02
1.109600452858789499e+00
4.527709680746038190e-01
1.243562256825109791e-01
6.990820248686735461e-01
6.990820248686735461e-01
1.766429937642975068e+00
4.225254008448777604e-02
9.453930816627431621e-01
1.027496767260766219e+00
1.848533623240998347e+00
2.064599112805342029e-01
1.438015195250882172e+00
1.191704138456812778e+00
4.225254008448777604e-02
3.706672824765806507e-01
2.064599112805342029e-01
9.453930816627431621e-01
1.930637308839021404e+00
9.453930816627431621e-01
5.348746536726270984e-01
1.520118880848905452e+00
1.520118880848905452e+00
9.453930816627431621e-01
6.169783392706502667e-01
1.602222566446928731e+00
1.520118880848905452e+00
7.811857104666967144e-01
1.273807824054835836e+00
4.225254008448777604e-02
2.094844680035068407e+00
1.930637308839021404e+00
1.243562256825109791e-01
6.169783392706502667e-01
1.684326252044952010e+00
1.602222566446928731e+00
1.520118880848905452e+00
1.848533623240998347e+00
2.259052051231114966e+00
1.684326252044952010e+00
1.109600452858789499e+00
3.706672824765806507e-01
7.811857104666967144e-01
4.527709680746038190e-01
5.348746536726270984e-01
1.191704138456812778e+00
1.355911509652859115e+00
1.273807824054835836e+00
1.191704138456812778e+00
1.684326252044952010e+00
4.527709680746038190e-01
1.438015195250882172e+00
2.341155736829137801e+00
1.109600452858789499e+00
1.109600452858789499e+00
1.520118880848905452e+00
1.848533623240998347e+00
1.027496767260766219e+00
9.453930816627431621e-01
9.453930816627431621e-01
1.109600452858789499e+00
1.684326252044952010e+00
1.109600452858789499e+00
1.273807824054835836e+00
2.176948365633091242e+00
2.885635968785573713e-01
1.930637308839021404e+00
1.273807824054835836e+00
9.453930816627431621e-01
1.355911509652859115e+00
1.243562256825109791e-01
4.527709680746038190e-01
6.169783392706502667e-01
1.438015195250882172e+00
9.453930816627431621e-01
1.109600452858789499e+00
2.341155736829137801e+00
7.811857104666967144e-01
1.930637308839021404e+00
3.706672824765806507e-01
1.684326252044952010e+00
4.225254008448777604e-02
1.191704138456812778e+00
3.706672824765806507e-01
1.602222566446928731e+00
1.355911509652859115e+00
2.885635968785573713e-01
6.169783392706502667e-01
8.632893960647198828e-01
9.453930816627431621e-01
1.848533623240998347e+00
7.811857104666967144e-01
9.453930816627431621e-01
9.453930816627431621e-01
8.632893960647198828e-01
6.169783392706502667e-01
4.225254008448777604e-02
4.527709680746038190e-01
1.109600452858789499e+00
1.273807824054835836e+00
1.438015195250882172e+00
7.811857104666967144e-01
1.243562256825109791e-01
4.225254008448777604e-02
5.348746536726270984e-01
6.169783392706502667e-01
1.243562256825109791e-01
2.064599112805342029e-01
1.243562256825109791e-01
8.632893960647198828e-01
2.176948365633091242e+00
2.885635968785573713e-01
