HDF5 "nu2tau_pexit.1.h5" {
GROUP "/" {
   GROUP "pexit_no_regen" {
      ATTRIBUTE "AXIS0" {
         DATATYPE  H5T_STRING {
            STRSIZE H5T_VARIABLE;
            STRPAD H5T_STR_NULLTERM;
            CSET H5T_CSET_UTF8;
            CTYPE H5T_C_S1;
         }
         DATASPACE  SCALAR
         DATA {
         (0): "log_e_nu"
         }
      }
      ATTRIBUTE "AXIS1" {
         DATATYPE  H5T_STRING {
            STRSIZE H5T_VARIABLE;
            STRPAD H5T_STR_NULLTERM;
            CSET H5T_CSET_UTF8;
            CTYPE H5T_C_S1;
         }
         DATASPACE  SCALAR
         DATA {
         (0): "beta_rad"
         }
      }
      GROUP "__nss_grid_axes__" {
         DATASET "beta_rad" {
            DATATYPE  H5T_IEEE_F64LE
            DATASPACE  SIMPLE { ( 51 ) / ( 51 ) }
            DATA {
            (0): 0.00174533, 0.00349066, 0.00523599, 0.00698132, 0.00872665,
            (5): 0.010472, 0.0122173, 0.0139626, 0.015708, 0.0174533,
            (10): 0.0349066, 0.0523599, 0.0698132, 0.0872665, 0.10472,
            (15): 0.122173, 0.139626, 0.15708, 0.174533, 0.191986, 0.20944,
            (21): 0.226893, 0.244346, 0.261799, 0.279253, 0.296706, 0.314159,
            (27): 0.331613, 0.349066, 0.366519, 0.383972, 0.401426, 0.418879,
            (33): 0.436332, 0.453786, 0.471239, 0.488692, 0.506145, 0.523599,
            (39): 0.541052, 0.558505, 0.575959, 0.593412, 0.610865, 0.628319,
            (45): 0.645772, 0.663225, 0.680678, 0.698132, 0.715585, 0.733038
            }
         }
         DATASET "log_e_nu" {
            DATATYPE  H5T_IEEE_F64LE
            DATASPACE  SIMPLE { ( 25 ) / ( 25 ) }
            DATA {
            (0): 6, 6.25, 6.5, 6.75, 7, 7.25, 7.5, 7.75, 8, 8.25, 8.5, 8.75,
            (12): 9, 9.25, 9.5, 9.75, 10, 10.25, 10.5, 10.75, 11, 11.25,
            (22): 11.5, 11.75, 12
            }
         }
      }
      DATASET "__nss_grid_data__" {
         DATATYPE  H5T_IEEE_F64LE
         DATASPACE  SIMPLE { ( 25, 51 ) / ( 25, 51 ) }
         DATA {
         (0,0): 1.42e-06, 1.444e-06, 1.515e-06, 1.5e-06, 1.505e-06,
         (0,5): 1.485e-06, 1.492e-06, 1.537e-06, 1.442e-06, 1.3e-06,
         (0,10): 1.48e-06, 1.54e-06, 1.31e-06, 1.48e-06, 1.29e-06, 1.3e-06,
         (0,16): 1.12e-06, 1.45e-06, 1.16e-06, 1.13e-06, 1.23e-06, 1.01e-06,
         (0,22): 8.3e-07, 8.3e-07, 1.02e-06, 9.7e-07, 1.02e-06, 8.7e-07,
         (0,28): 7e-07, 9.4e-07, 7.3e-07, 7.3e-07, 6.3e-07, 7.3e-07, 6.6e-07,
         (0,35): 7e-07, 5.7e-07, 6.1e-07, 5.1e-07, 5.3e-07, 5.7e-07, 4.7e-07,
         (0,42): 5e-07, 4.8e-07, 4.8e-07, 3.8e-07, 4e-07, 3.3e-07, 2.4e-07,
         (0,49): 3.9e-07, 3.6e-07,
         (1,0): 3.496e-06, 3.354e-06, 3.426e-06, 3.385e-06, 3.496e-06,
         (1,5): 3.421e-06, 3.461e-06, 3.502e-06, 3.391e-06, 3.45e-06,
         (1,10): 3.38e-06, 3.09e-06, 3.29e-06, 2.97e-06, 2.97e-06, 2.75e-06,
         (1,16): 2.36e-06, 2.49e-06, 2.3e-06, 2.54e-06, 2.4e-06, 2.2e-06,
         (1,22): 2.18e-06, 2e-06, 1.99e-06, 1.86e-06, 1.87e-06, 1.73e-06,
         (1,28): 1.56e-06, 1.6e-06, 1.54e-06, 1.29e-06, 1.52e-06, 1.27e-06,
         (1,34): 1.45e-06, 1.11e-06, 1.28e-06, 9.7e-07, 1.06e-06, 9.6e-07,
         (1,40): 9.2e-07, 9.6e-07, 9.5e-07, 9.2e-07, 8.2e-07, 7.4e-07,
         (1,46): 7.8e-07, 7.8e-07, 6.4e-07, 6.5e-07, 6.2e-07,
         (2,0): 8.04e-06, 7.924e-06, 8.055e-06, 8.044e-06, 7.891e-06,
         (2,5): 8.083e-06, 7.869e-06, 7.984e-06, 8.168e-06, 8.22e-06,
         (2,10): 8.16e-06, 7.18e-06, 7.15e-06, 6.73e-06, 6.88e-06, 5.5e-06,
         (2,16): 5.52e-06, 5.12e-06, 4.61e-06, 5.01e-06, 4.5e-06, 4.34e-06,
         (2,22): 4.31e-06, 4.02e-06, 4.1e-06, 3.9e-06, 3.49e-06, 3.3e-06,
         (2,28): 3.31e-06, 3.2e-06, 3.02e-06, 2.47e-06, 2.82e-06, 2.5e-06,
         (2,34): 2.28e-06, 2.04e-06, 2.05e-06, 2.04e-06, 1.74e-06, 1.67e-06,
         (2,40): 1.68e-06, 1.33e-06, 1.27e-06, 1.32e-06, 1.39e-06, 1.18e-06,
         (2,46): 1.11e-06, 1.08e-06, 9.3e-07, 1.11e-06, 8.8e-07,
         (3,0): 1.8659e-05, 1.8491e-05, 1.8537e-05, 1.8639e-05, 1.8625e-05,
         (3,5): 1.8241e-05, 1.8515e-05, 1.8273e-05, 1.8503e-05, 1.767e-05,
         (3,10): 1.686e-05, 1.688e-05, 1.632e-05, 1.438e-05, 1.352e-05,
         (3,15): 1.342e-05, 1.194e-05, 1.091e-05, 1.105e-05, 1.001e-05,
         (3,20): 9.22e-06, 8.39e-06, 8.7e-06, 8.54e-06, 7.12e-06, 7.02e-06,
         (3,26): 6.47e-06, 6.33e-06, 6.16e-06, 5.81e-06, 5.17e-06, 4.92e-06,
         (3,32): 4.31e-06, 4.43e-06, 3.92e-06, 3.54e-06, 3.28e-06, 3e-06,
         (3,38): 2.5e-06, 2.37e-06, 2.44e-06, 2.27e-06, 2.17e-06, 1.73e-06,
         (3,44): 1.58e-06, 1.56e-06, 1.38e-06, 1.49e-06, 1.43e-06, 1.2e-06,
         (3,50): 1.05e-06,
         (4,0): 4.211e-05, 4.219e-05, 4.188e-05, 4.275e-05, 4.029e-05,
         (4,5): 4.289e-05, 4.113e-05, 4.165e-05, 4.163e-05, 4.235e-05,
         (4,10): 4.08e-05, 3.684e-05, 3.464e-05, 3.158e-05, 2.789e-05,
         (4,15): 2.562e-05, 2.334e-05, 2.181e-05, 2.014e-05, 1.881e-05,
         (4,20): 1.82e-05, 1.66e-05, 1.494e-05, 1.42e-05, 1.314e-05,
         (4,25): 1.205e-05, 1.144e-05, 9.66e-06, 9.8e-06, 8.87e-06, 8.2e-06,
         (4,31): 7.43e-06, 6.97e-06, 6.28e-06, 5.62e-06, 5.33e-06, 4.94e-06,
         (4,37): 4.24e-06, 3.96e-06, 3.81e-06, 3.21e-06, 2.99e-06, 2.57e-06,
         (4,43): 2.39e-06, 2.38e-06, 2.35e-06, 1.83e-06, 2.04e-06, 1.82e-06,
         (4,49): 1.59e-06, 1.52e-06,
         (5,0): 9.534e-05, 9.474e-05, 9.424e-05, 9.469e-05, 9.355e-05,
         (5,5): 9.421e-05, 9.371e-05, 9.245e-05, 9.334e-05, 9.282e-05,
         (5,10): 8.993e-05, 7.976e-05, 7.298e-05, 6.413e-05, 5.648e-05,
         (5,15): 4.939e-05, 4.609e-05, 4.247e-05, 3.859e-05, 3.369e-05,
         (5,20): 3.06e-05, 2.83e-05, 2.635e-05, 2.364e-05, 2.175e-05,
         (5,25): 2.013e-05, 1.86e-05, 1.61e-05, 1.586e-05, 1.384e-05,
         (5,30): 1.231e-05, 1.053e-05, 9.9e-06, 9.25e-06, 8.89e-06, 6.97e-06,
         (5,36): 5.93e-06, 5.4e-06, 5.41e-06, 4.37e-06, 4.2e-06, 3.62e-06,
         (5,42): 3.34e-06, 3.34e-06, 2.61e-06, 2.75e-06, 2.63e-06, 2.33e-06,
         (5,48): 2.11e-06, 1.76e-06, 1.89e-06,
         (6,0): 0.00021264, 0.0002082, 0.00020549, 0.00020809, 0.00020925,
         (6,5): 0.00020538, 0.00020449, 0.00020471, 0.00020223, 0.00020444,
         (6,10): 0.00019841, 0.00016619, 0.00014653, 0.00012821, 0.00010609,
         (6,15): 9.496e-05, 8.173e-05, 7.366e-05, 6.509e-05, 5.759e-05,
         (6,20): 5.317e-05, 4.549e-05, 4.097e-05, 3.746e-05, 3.274e-05,
         (6,25): 3.031e-05, 2.688e-05, 2.365e-05, 2.17e-05, 1.902e-05,
         (6,30): 1.699e-05, 1.532e-05, 1.275e-05, 1.161e-05, 9.27e-06,
         (6,35): 8.84e-06, 8.08e-06, 6.5e-06, 5.93e-06, 5.22e-06, 4.96e-06,
         (6,41): 4.47e-06, 3.85e-06, 3.35e-06, 3.55e-06, 2.69e-06, 2.57e-06,
         (6,47): 2.15e-06, 2.4e-06, 2.21e-06, 1.82e-06,
         (7,0): 0.00044598, 0.00044426, 0.00044024, 0.00044524, 0.00043997,
         (7,5): 0.00043724, 0.00043726, 0.0004313, 0.00042795, 0.00042784,
         (7,10): 0.00041145, 0.00033299, 0.00028342, 0.00024061, 0.00019453,
         (7,15): 0.00016479, 0.00014005, 0.00011989, 0.00010335, 8.836e-05,
         (7,20): 7.923e-05, 6.758e-05, 6.024e-05, 5.177e-05, 4.631e-05,
         (7,25): 3.961e-05, 3.464e-05, 3.072e-05, 2.787e-05, 2.322e-05,
         (7,30): 2.036e-05, 1.885e-05, 1.517e-05, 1.346e-05, 1.194e-05,
         (7,35): 9.72e-06, 8.64e-06, 7.66e-06, 6.53e-06, 5.54e-06, 5.04e-06,
         (7,41): 4.87e-06, 4.21e-06, 3.5e-06, 3.58e-06, 3.02e-06, 2.62e-06,
         (7,47): 2.74e-06, 2.57e-06, 2.26e-06, 2.12e-06,
         (8,0): 0.0009295, 0.0009101, 0.000921, 0.000922, 0.0009137,
         (8,5): 0.0009093, 0.0009099, 0.0008807, 0.0008792, 0.00088084,
         (8,10): 0.00082876, 0.0006298, 0.00052235, 0.00042333, 0.00032022,
         (8,15): 0.00026123, 0.00021479, 0.00017707, 0.00014894, 0.00012434,
         (8,20): 0.00010691, 8.867e-05, 7.723e-05, 6.618e-05, 5.717e-05,
         (8,25): 4.749e-05, 3.995e-05, 3.56e-05, 3.123e-05, 2.664e-05,
         (8,30): 2.201e-05, 2.005e-05, 1.628e-05, 1.497e-05, 1.28e-05,
         (8,35): 1.058e-05, 9.21e-06, 8.05e-06, 7.01e-06, 5.9e-06, 5.16e-06,
         (8,41): 4.85e-06, 4.06e-06, 4.14e-06, 3.61e-06, 3.25e-06, 2.76e-06,
         (8,47): 2.69e-06, 2.43e-06, 2.18e-06, 1.97e-06,
         (9,0): 0.0018175, 0.0018065, 0.001808, 0.0017713, 0.0017576,
         (9,5): 0.0017712, 0.0017376, 0.0017412, 0.0016874, 0.00170881,
         (9,10): 0.00157418, 0.00112044, 0.00088414, 0.00068947, 0.00049203,
         (9,15): 0.00037479, 0.00029446, 0.00023621, 0.00018824, 0.00015543,
         (9,20): 0.00012621, 0.00010613, 8.814e-05, 7.439e-05, 6.172e-05,
         (9,25): 5.059e-05, 4.269e-05, 3.776e-05, 3.188e-05, 2.663e-05,
         (9,30): 2.293e-05, 1.961e-05, 1.673e-05, 1.496e-05, 1.261e-05,
         (9,35): 1.108e-05, 9.39e-06, 7.16e-06, 7.32e-06, 5.8e-06, 5.03e-06,
         (9,41): 4.85e-06, 4.52e-06, 3.92e-06, 3.16e-06, 2.93e-06, 2.77e-06,
         (9,47): 2.52e-06, 2.55e-06, 2.28e-06, 2.18e-06,
         (10,0): 0.0033577, 0.0033676, 0.0033282, 0.0033271, 0.0032728,
         (10,5): 0.0032654, 0.00323, 0.0031915, 0.0031416, 0.00313924,
         (10,10): 0.00285925, 0.00185346, 0.001385, 0.00100509, 0.00066335,
         (10,15): 0.00048328, 0.00036462, 0.00027449, 0.00021201, 0.00016769,
         (10,20): 0.00013475, 0.00010986, 8.909e-05, 7.362e-05, 6.063e-05,
         (10,25): 5.063e-05, 4.251e-05, 3.546e-05, 3.158e-05, 2.618e-05,
         (10,30): 2.215e-05, 1.944e-05, 1.532e-05, 1.401e-05, 1.187e-05,
         (10,35): 1.072e-05, 8.49e-06, 7.41e-06, 6.54e-06, 5.99e-06,
         (10,40): 4.98e-06, 4.31e-06, 4.62e-06, 4.09e-06, 3.24e-06, 3.24e-06,
         (10,46): 2.99e-06, 2.39e-06, 2.14e-06, 2.14e-06, 1.97e-06,
         (11,0): 0.0056278, 0.0059423, 0.0058631, 0.0057819, 0.0057123,
         (11,5): 0.0056151, 0.0054863, 0.005514, 0.0054442, 0.00537124,
         (11,10): 0.00480358, 0.00281653, 0.00195339, 0.00132524, 0.00079775,
         (11,15): 0.00054452, 0.00038712, 0.00028356, 0.00021241, 0.00016246,
         (11,20): 0.00012502, 0.00010136, 8.321e-05, 6.944e-05, 5.571e-05,
         (11,25): 4.705e-05, 4.094e-05, 3.453e-05, 2.823e-05, 2.454e-05,
         (11,30): 2.072e-05, 1.732e-05, 1.511e-05, 1.343e-05, 1.125e-05,
         (11,35): 9.91e-06, 8.98e-06, 7.29e-06, 6.56e-06, 5.75e-06, 5.61e-06,
         (11,41): 4.64e-06, 4.17e-06, 3.58e-06, 3.39e-06, 3.16e-06, 3.06e-06,
         (11,47): 2.58e-06, 2.26e-06, 2.17e-06, 1.87e-06,
         (12,0): 0.008653, 0.009764, 0.00962, 0.009446, 0.009342, 0.009245,
         (12,6): 0.009167, 0.008927, 0.00873, 0.00868632, 0.00754528,
         (12,11): 0.00390013, 0.00250247, 0.00155941, 0.00084606, 0.0005458,
         (12,16): 0.00036849, 0.00026072, 0.00018924, 0.00014381, 0.00011412,
         (12,21): 9.086e-05, 7.432e-05, 6.242e-05, 5.067e-05, 4.342e-05,
         (12,26): 3.754e-05, 3.217e-05, 2.821e-05, 2.334e-05, 2.035e-05,
         (12,31): 1.721e-05, 1.5e-05, 1.285e-05, 1.17e-05, 9.48e-06,
         (12,36): 8.75e-06, 7.31e-06, 6.07e-06, 5.36e-06, 5.3e-06, 4.34e-06,
         (12,42): 3.98e-06, 3.66e-06, 3.61e-06, 3.19e-06, 2.61e-06, 2.57e-06,
         (12,48): 2.51e-06, 2.03e-06, 1.96e-06,
         (13,0): 0.01239, 0.014729, 0.014955, 0.01458, 0.014359, 0.014164,
         (13,6): 0.013475, 0.013746, 0.013317, 0.0130832, 0.0109774,
         (13,11): 0.00493718, 0.00288004, 0.0016554, 0.00081848, 0.00049478,
         (13,16): 0.00032528, 0.00022756, 0.00016646, 0.00012475, 0.00010062,
         (13,21): 8.097e-05, 6.717e-05, 5.608e-05, 4.78e-05, 4.092e-05,
         (13,26): 3.518e-05, 2.925e-05, 2.554e-05, 2.305e-05, 1.975e-05,
         (13,31): 1.624e-05, 1.449e-05, 1.34e-05, 1.112e-05, 9.77e-06,
         (13,36): 8.08e-06, 6.9e-06, 6.01e-06, 5.57e-06, 5.04e-06, 4.46e-06,
         (13,42): 3.8e-06, 3.54e-06, 3.57e-06, 3.24e-06, 2.58e-06, 2.3e-06,
         (13,48): 2.18e-06, 1.97e-06, 1.96e-06,
         (14,0): 0.017273, 0.022174, 0.021854, 0.021399, 0.020913, 0.020406,
         (14,6): 0.019983, 0.01946, 0.019496, 0.0188486, 0.0151706,
         (14,11): 0.00576385, 0.00302553, 0.00157132, 0.00070274, 0.00041328,
         (14,16): 0.00027369, 0.00019317, 0.0001428, 0.00011136, 8.958e-05,
         (14,21): 7.313e-05, 6.199e-05, 5.404e-05, 4.504e-05, 3.797e-05,
         (14,26): 3.326e-05, 2.965e-05, 2.486e-05, 2.087e-05, 1.85e-05,
         (14,31): 1.586e-05, 1.352e-05, 1.239e-05, 1.075e-05, 8.98e-06,
         (14,36): 7.92e-06, 6.79e-06, 5.94e-06, 5.79e-06, 5.15e-06, 4.38e-06,
         (14,42): 4e-06, 3.42e-06, 2.79e-06, 2.83e-06, 2.69e-06, 2.66e-06,
         (14,48): 2.17e-06, 2.21e-06, 1.78e-06,
         (15,0): 0.022511, 0.030385, 0.030829, 0.029989, 0.028998, 0.02836,
         (15,6): 0.027523, 0.0269, 0.026393, 0.0256562, 0.01974, 0.00618371,
         (15,12): 0.00290989, 0.00137314, 0.00057838, 0.00033991, 0.00022667,
         (15,17): 0.00016315, 0.00012559, 0.00010106, 8.344e-05, 7.096e-05,
         (15,22): 5.865e-05, 5.141e-05, 4.162e-05, 3.673e-05, 3.192e-05,
         (15,27): 2.8e-05, 2.454e-05, 2.084e-05, 1.828e-05, 1.559e-05,
         (15,32): 1.371e-05, 1.322e-05, 1.018e-05, 8.57e-06, 7.62e-06,
         (15,37): 6.79e-06, 5.95e-06, 5.15e-06, 4.47e-06, 4.13e-06, 3.96e-06,
         (15,43): 3.44e-06, 3.54e-06, 2.8e-06, 2.85e-06, 2.44e-06, 2.09e-06,
         (15,49): 2.1e-06, 1.8e-06,
         (16,0): 0.02801, 0.04037, 0.04213, 0.04117, 0.03895, 0.03815,
         (16,6): 0.03634, 0.03572, 0.03516, 0.0337303, 0.0245531, 0.00612935,
         (16,12): 0.00255426, 0.00110991, 0.00045977, 0.00028323, 0.00019743,
         (16,17): 0.00015153, 0.00011661, 9.394e-05, 7.891e-05, 6.593e-05,
         (16,22): 5.603e-05, 4.89e-05, 4.008e-05, 3.638e-05, 3.11e-05,
         (16,27): 2.68e-05, 2.332e-05, 1.991e-05, 1.79e-05, 1.574e-05,
         (16,32): 1.404e-05, 1.196e-05, 1.015e-05, 8.96e-06, 7.56e-06,
         (16,37): 6.49e-06, 5.45e-06, 5.76e-06, 5.02e-06, 4.04e-06, 3.92e-06,
         (16,43): 3.43e-06, 3.2e-06, 2.88e-06, 2.47e-06, 2.39e-06, 2.44e-06,
         (16,49): 1.96e-06, 1.9e-06,
         (17,0): 0.03443, 0.0535, 0.05662, 0.05423, 0.05143, 0.04976,
         (17,6): 0.04616, 0.04607, 0.04463, 0.0427101, 0.029088, 0.00564548,
         (17,12): 0.00208369, 0.00085884, 0.00037959, 0.0002479, 0.0001815,
         (17,17): 0.00013972, 0.00011099, 9.197e-05, 7.745e-05, 6.423e-05,
         (17,22): 5.396e-05, 4.704e-05, 4.05e-05, 3.515e-05, 3.088e-05,
         (17,27): 2.667e-05, 2.383e-05, 2.084e-05, 1.731e-05, 1.461e-05,
         (17,32): 1.326e-05, 1.179e-05, 1.003e-05, 8.55e-06, 7.51e-06,
         (17,37): 6.89e-06, 5.4e-06, 4.97e-06, 4.62e-06, 4.3e-06, 3.93e-06,
         (17,43): 3.34e-06, 3.2e-06, 2.87e-06, 2.79e-06, 2.37e-06, 2.24e-06,
         (17,49): 2.13e-06, 1.95e-06,
         (18,0): 0.04344, 0.066, 0.07033, 0.06967, 0.0655, 0.06344, 0.06049,
         (18,7): 0.05849, 0.05467, 0.0523173, 0.03304, 0.00484421, 0.0016218,
         (18,13): 0.00067839, 0.00032652, 0.00022746, 0.00017114, 0.00013406,
         (18,18): 0.00010723, 8.976e-05, 7.45e-05, 6.284e-05, 5.426e-05,
         (18,23): 4.798e-05, 3.87e-05, 3.427e-05, 2.991e-05, 2.589e-05,
         (18,28): 2.385e-05, 2.01e-05, 1.583e-05, 1.484e-05, 1.322e-05,
         (18,33): 1.147e-05, 9.96e-06, 9.05e-06, 7.42e-06, 6.72e-06,
         (18,38): 5.43e-06, 4.76e-06, 4.69e-06, 4.4e-06, 3.79e-06, 3.45e-06,
         (18,44): 2.94e-06, 3.08e-06, 2.8e-06, 2.24e-06, 2.02e-06, 2.05e-06,
         (18,50): 1.65e-06,
         (19,0): 0.05253, 0.08125, 0.09023, 0.08632, 0.08336, 0.07704,
         (19,6): 0.0733, 0.06867, 0.06486, 0.0620769, 0.0359671, 0.00392955,
         (19,12): 0.00124219, 0.00056585, 0.00030308, 0.00021652, 0.00016679,
         (19,17): 0.00013282, 0.00010394, 8.687e-05, 7.361e-05, 6.137e-05,
         (19,22): 5.173e-05, 4.642e-05, 3.909e-05, 3.37e-05, 3.082e-05,
         (19,27): 2.518e-05, 2.287e-05, 1.942e-05, 1.675e-05, 1.456e-05,
         (19,32): 1.307e-05, 1.108e-05, 9.91e-06, 8.58e-06, 7.8e-06,
         (19,37): 6.18e-06, 5.28e-06, 5.24e-06, 4.74e-06, 3.87e-06, 3.93e-06,
         (19,43): 3.42e-06, 2.96e-06, 3.1e-06, 2.3e-06, 2.16e-06, 2.13e-06,
         (19,49): 1.78e-06, 1.89e-06,
         (20,0): 0.0616, 0.10093, 0.11225, 0.10792, 0.09912, 0.09226,
         (20,6): 0.08648, 0.08171, 0.07666, 0.0717263, 0.0375935, 0.00301633,
         (20,12): 0.00096866, 0.00049941, 0.00029082, 0.0002123, 0.00016282,
         (20,17): 0.00012801, 0.00010444, 8.709e-05, 7.15e-05, 6.232e-05,
         (20,22): 5.324e-05, 4.497e-05, 3.944e-05, 3.374e-05, 2.87e-05,
         (20,27): 2.482e-05, 2.364e-05, 1.986e-05, 1.607e-05, 1.476e-05,
         (20,32): 1.321e-05, 1.138e-05, 1.035e-05, 8.44e-06, 7.07e-06,
         (20,37): 6.61e-06, 5.66e-06, 5.16e-06, 4.85e-06, 4.21e-06, 3.75e-06,
         (20,43): 3.27e-06, 2.94e-06, 2.8e-06, 2.63e-06, 2.31e-06, 2.31e-06,
         (20,49): 2.06e-06, 1.47e-06,
         (21,0): 0.07312, 0.12302, 0.13756, 0.13123, 0.121, 0.11011, 0.1015,
         (21,7): 0.0951, 0.08946, 0.0808637, 0.037445, 0.00221515,
         (21,12): 0.00079351, 0.00046074, 0.00028271, 0.00020928, 0.0001618,
         (21,17): 0.00012834, 0.00010436, 8.676e-05, 7.078e-05, 6.253e-05,
         (21,22): 5.31e-05, 4.486e-05, 3.946e-05, 3.398e-05, 2.864e-05,
         (21,27): 2.554e-05, 2.253e-05, 1.9e-05, 1.681e-05, 1.425e-05,
         (21,32): 1.289e-05, 1.138e-05, 1.037e-05, 8.31e-06, 7.5e-06,
         (21,37): 6.22e-06, 5.63e-06, 5.19e-06, 4.6e-06, 3.87e-06, 3.47e-06,
         (21,43): 3.53e-06, 2.96e-06, 2.61e-06, 2.27e-06, 2.31e-06, 2.2e-06,
         (21,49): 2.19e-06, 1.82e-06,
         (22,0): 0.08834, 0.14611, 0.16708, 0.15456, 0.13972, 0.12816,
         (22,6): 0.11526, 0.10653, 0.097, 0.0883413, 0.0358114, 0.00168217,
         (22,12): 0.00070324, 0.00044193, 0.00028277, 0.00020938, 0.00016229,
         (22,17): 0.00012843, 0.000105, 8.486e-05, 7.266e-05, 6.074e-05,
         (22,22): 5.358e-05, 4.447e-05, 3.882e-05, 3.269e-05, 2.928e-05,
         (22,27): 2.632e-05, 2.239e-05, 1.894e-05, 1.651e-05, 1.432e-05,
         (22,32): 1.222e-05, 1.179e-05, 9.79e-06, 8.06e-06, 6.93e-06,
         (22,37): 6.44e-06, 5.78e-06, 5.25e-06, 4.25e-06, 3.82e-06, 3.44e-06,
         (22,43): 3.54e-06, 2.93e-06, 2.74e-06, 2.44e-06, 2.73e-06, 2.14e-06,
         (22,49): 1.97e-06, 1.84e-06,
         (23,0): 0.10048, 0.17284, 0.19432, 0.18065, 0.1612, 0.14373,
         (23,6): 0.12921, 0.11664, 0.10487, 0.0938365, 0.0327488, 0.00134214,
         (23,12): 0.00066383, 0.00043613, 0.00028172, 0.00020886, 0.00016261,
         (23,17): 0.00012756, 0.0001037, 8.701e-05, 7.156e-05, 6.119e-05,
         (23,22): 5.123e-05, 4.543e-05, 3.869e-05, 3.292e-05, 2.914e-05,
         (23,27): 2.575e-05, 2.261e-05, 1.901e-05, 1.66e-05, 1.361e-05,
         (23,32): 1.23e-05, 1.089e-05, 9.66e-06, 8.43e-06, 7.46e-06,
         (23,37): 6.53e-06, 5.55e-06, 5.33e-06, 4.67e-06, 3.84e-06, 3.66e-06,
         (23,43): 3.41e-06, 2.92e-06, 2.84e-06, 2.23e-06, 2.3e-06, 2.21e-06,
         (23,49): 2.08e-06, 1.92e-06,
         (24,0): 0.11885, 0.20144, 0.2294, 0.21118, 0.18521, 0.16188,
         (24,6): 0.14012, 0.12408, 0.10683, 0.096975, 0.0287292, 0.00115209,
         (24,12): 0.00064481, 0.00043852, 0.00028139, 0.00021553, 0.00016249,
         (24,17): 0.00012992, 0.00010587, 8.775e-05, 7.305e-05, 6.089e-05,
         (24,22): 5.279e-05, 4.574e-05, 3.944e-05, 3.474e-05, 2.958e-05,
         (24,27): 2.636e-05, 2.249e-05, 1.913e-05, 1.716e-05, 1.421e-05,
         (24,32): 1.274e-05, 1.078e-05, 1.007e-05, 8.51e-06, 7.51e-06,
         (24,37): 6.43e-06, 5.42e-06, 5.11e-06, 4.44e-06, 3.96e-06, 3.67e-06,
         (24,43): 3.4e-06, 3.08e-06, 2.47e-06, 2.33e-06, 2.24e-06, 2.05e-06,
         (24,49): 1.93e-06, 1.93e-06
         }
      }
   }
   GROUP "pexit_regen" {
      ATTRIBUTE "AXIS0" {
         DATATYPE  H5T_STRING {
            STRSIZE H5T_VARIABLE;
            STRPAD H5T_STR_NULLTERM;
            CSET H5T_CSET_UTF8;
            CTYPE H5T_C_S1;
         }
         DATASPACE  SCALAR
         DATA {
         (0): "log_e_nu"
         }
      }
      ATTRIBUTE "AXIS1" {
         DATATYPE  H5T_STRING {
            STRSIZE H5T_VARIABLE;
            STRPAD H5T_STR_NULLTERM;
            CSET H5T_CSET_UTF8;
            CTYPE H5T_C_S1;
         }
         DATASPACE  SCALAR
         DATA {
         (0): "beta_rad"
         }
      }
      GROUP "__nss_grid_axes__" {
         DATASET "beta_rad" {
            DATATYPE  H5T_IEEE_F64LE
            DATASPACE  SIMPLE { ( 51 ) / ( 51 ) }
            DATA {
            (0): 0.00174533, 0.00349066, 0.00523599, 0.00698132, 0.00872665,
            (5): 0.010472, 0.0122173, 0.0139626, 0.015708, 0.0174533,
            (10): 0.0349066, 0.0523599, 0.0698132, 0.0872665, 0.10472,
            (15): 0.122173, 0.139626, 0.15708, 0.174533, 0.191986, 0.20944,
            (21): 0.226893, 0.244346, 0.261799, 0.279253, 0.296706, 0.314159,
            (27): 0.331613, 0.349066, 0.366519, 0.383972, 0.401426, 0.418879,
            (33): 0.436332, 0.453786, 0.471239, 0.488692, 0.506145, 0.523599,
            (39): 0.541052, 0.558505, 0.575959, 0.593412, 0.610865, 0.628319,
            (45): 0.645772, 0.663225, 0.680678, 0.698132, 0.715585, 0.733038
            }
         }
         DATASET "log_e_nu" {
            DATATYPE  H5T_IEEE_F64LE
            DATASPACE  SIMPLE { ( 25 ) / ( 25 ) }
            DATA {
            (0): 6, 6.25, 6.5, 6.75, 7, 7.25, 7.5, 7.75, 8, 8.25, 8.5, 8.75,
            (12): 9, 9.25, 9.5, 9.75, 10, 10.25, 10.5, 10.75, 11, 11.25,
            (22): 11.5, 11.75, 12
            }
         }
      }
      DATASET "__nss_grid_data__" {
         DATATYPE  H5T_IEEE_F64LE
         DATASPACE  SIMPLE { ( 25, 51 ) / ( 25, 51 ) }
         DATA {
         (0,0): 1.42e-06, 1.443e-06, 1.513e-06, 1.5e-06, 1.503e-06,
         (0,5): 1.483e-06, 1.49e-06, 1.537e-06, 1.44e-06, 1.3e-06, 1.48e-06,
         (0,11): 1.5e-06, 1.29e-06, 1.47e-06, 1.26e-06, 1.26e-06, 1.07e-06,
         (0,17): 1.37e-06, 1.1e-06, 1.1e-06, 1.2e-06, 9.7e-07, 7.3e-07,
         (0,23): 7.2e-07, 9.1e-07, 8.9e-07, 9.4e-07, 8.1e-07, 5.7e-07,
         (0,29): 8.2e-07, 6.6e-07, 6.7e-07, 5.8e-07, 6.3e-07, 5.6e-07,
         (0,35): 5.9e-07, 4.9e-07, 4.8e-07, 3.9e-07, 4.2e-07, 4e-07, 3.6e-07,
         (0,42): 4.3e-07, 3.9e-07, 3.8e-07, 2.9e-07, 2.9e-07, 2.6e-07,
         (0,48): 1.8e-07, 2.8e-07, 2.6e-07,
         (1,0): 3.496e-06, 3.352e-06, 3.423e-06, 3.384e-06, 3.493e-06,
         (1,5): 3.414e-06, 3.455e-06, 3.498e-06, 3.386e-06, 3.44e-06,
         (1,10): 3.38e-06, 3.03e-06, 3.19e-06, 2.9e-06, 2.84e-06, 2.59e-06,
         (1,16): 2.27e-06, 2.4e-06, 2.16e-06, 2.35e-06, 2.17e-06, 1.98e-06,
         (1,22): 1.98e-06, 1.73e-06, 1.78e-06, 1.59e-06, 1.52e-06, 1.5e-06,
         (1,28): 1.25e-06, 1.31e-06, 1.28e-06, 1e-06, 1.26e-06, 9.6e-07,
         (1,34): 1.2e-06, 8.6e-07, 9e-07, 7.6e-07, 8.5e-07, 6.6e-07, 6.8e-07,
         (1,41): 7e-07, 6.7e-07, 6.8e-07, 5.7e-07, 5.1e-07, 5.2e-07, 5.4e-07,
         (1,48): 3.1e-07, 4.6e-07, 4.2e-07,
         (2,0): 8.038e-06, 7.919e-06, 8.048e-06, 8.034e-06, 7.881e-06,
         (2,5): 8.069e-06, 7.853e-06, 7.965e-06, 8.152e-06, 8.19e-06,
         (2,10): 8.14e-06, 7.06e-06, 6.93e-06, 6.52e-06, 6.55e-06, 5.02e-06,
         (2,16): 5.12e-06, 4.69e-06, 4.14e-06, 4.58e-06, 3.99e-06, 3.83e-06,
         (2,22): 3.82e-06, 3.48e-06, 3.31e-06, 3.14e-06, 2.82e-06, 2.7e-06,
         (2,28): 2.58e-06, 2.51e-06, 2.36e-06, 1.8e-06, 2.21e-06, 1.86e-06,
         (2,34): 1.61e-06, 1.54e-06, 1.58e-06, 1.29e-06, 1.17e-06, 1.01e-06,
         (2,40): 1.09e-06, 9.3e-07, 6.8e-07, 6.9e-07, 8.3e-07, 7.6e-07,
         (2,46): 6.4e-07, 6.1e-07, 4.4e-07, 5.9e-07, 3.7e-07,
         (3,0): 1.8649e-05, 1.8478e-05, 1.8522e-05, 1.8615e-05, 1.8584e-05,
         (3,5): 1.8198e-05, 1.8469e-05, 1.821e-05, 1.8419e-05, 1.76e-05,
         (3,10): 1.671e-05, 1.653e-05, 1.581e-05, 1.359e-05, 1.269e-05,
         (3,15): 1.246e-05, 1.089e-05, 9.56e-06, 9.58e-06, 8.6e-06, 7.87e-06,
         (3,21): 6.92e-06, 7.04e-06, 7.04e-06, 5.67e-06, 5.47e-06, 4.91e-06,
         (3,27): 4.73e-06, 4.36e-06, 4.23e-06, 3.62e-06, 3.28e-06, 2.83e-06,
         (3,33): 2.68e-06, 2.52e-06, 2.1e-06, 2.01e-06, 1.76e-06, 1.37e-06,
         (3,39): 1.37e-06, 1.11e-06, 1.15e-06, 1.17e-06, 8.1e-07, 7.4e-07,
         (3,45): 6.9e-07, 5.1e-07, 6.8e-07, 5.8e-07, 4.4e-07, 4.8e-07,
         (4,0): 4.208e-05, 4.217e-05, 4.177e-05, 4.264e-05, 4.017e-05,
         (4,5): 4.276e-05, 4.092e-05, 4.151e-05, 4.144e-05, 4.218e-05,
         (4,10): 4.032e-05, 3.546e-05, 3.303e-05, 2.934e-05, 2.506e-05,
         (4,15): 2.297e-05, 2.041e-05, 1.879e-05, 1.726e-05, 1.553e-05,
         (4,20): 1.423e-05, 1.316e-05, 1.158e-05, 1.075e-05, 9.85e-06,
         (4,25): 8.77e-06, 7.65e-06, 6.45e-06, 6.51e-06, 5.96e-06, 5.29e-06,
         (4,31): 4.7e-06, 4.09e-06, 3.64e-06, 3.01e-06, 2.45e-06, 2.36e-06,
         (4,37): 2.09e-06, 1.77e-06, 1.8e-06, 1.34e-06, 1.27e-06, 9.7e-07,
         (4,43): 8.6e-07, 8e-07, 7e-07, 5.4e-07, 5.1e-07, 6.2e-07, 4.8e-07,
         (4,50): 4.4e-07,
         (5,0): 9.525e-05, 9.465e-05, 9.411e-05, 9.448e-05, 9.336e-05,
         (5,5): 9.388e-05, 9.32e-05, 9.197e-05, 9.272e-05, 9.221e-05,
         (5,10): 8.882e-05, 7.621e-05, 6.811e-05, 5.824e-05, 5.017e-05,
         (5,15): 4.275e-05, 3.889e-05, 3.527e-05, 3.075e-05, 2.629e-05,
         (5,20): 2.323e-05, 2.108e-05, 1.88e-05, 1.657e-05, 1.433e-05,
         (5,25): 1.339e-05, 1.16e-05, 9.56e-06, 9.52e-06, 7.26e-06, 6.76e-06,
         (5,31): 5.53e-06, 4.93e-06, 4.44e-06, 4.29e-06, 2.67e-06, 2.49e-06,
         (5,37): 2.02e-06, 1.87e-06, 1.38e-06, 1.36e-06, 1.05e-06, 1e-06,
         (5,43): 8.3e-07, 6.2e-07, 6e-07, 6.8e-07, 4.1e-07, 4.2e-07, 3e-07,
         (5,50): 2.9e-07,
         (6,0): 0.00021248, 0.00020782, 0.00020493, 0.00020732, 0.00020825,
         (6,5): 0.00020405, 0.00020331, 0.00020308, 0.00020042, 0.00020248,
         (6,10): 0.00019441, 0.00015769, 0.0001359, 0.00011567, 9.185e-05,
         (6,15): 8.019e-05, 6.596e-05, 5.735e-05, 4.937e-05, 4.169e-05,
         (6,20): 3.73e-05, 3.067e-05, 2.669e-05, 2.331e-05, 1.965e-05,
         (6,25): 1.708e-05, 1.509e-05, 1.2e-05, 1.107e-05, 8.72e-06,
         (6,30): 7.81e-06, 6.5e-06, 4.78e-06, 4.22e-06, 3.37e-06, 2.43e-06,
         (6,36): 2.38e-06, 1.72e-06, 1.47e-06, 1.18e-06, 1.21e-06, 9.3e-07,
         (6,42): 7.1e-07, 4.8e-07, 5.2e-07, 2.7e-07, 3e-07, 2.6e-07, 3.1e-07,
         (6,49): 1.8e-07, 1.7e-07,
         (7,0): 0.00044551, 0.00044343, 0.00043893, 0.00044356, 0.00043792,
         (7,5): 0.00043468, 0.00043412, 0.0004277, 0.00042363, 0.00042349,
         (7,10): 0.00040287, 0.00031286, 0.00025856, 0.0002115, 0.00016304,
         (7,15): 0.00013343, 0.00010843, 8.9e-05, 7.321e-05, 5.907e-05,
         (7,20): 5.059e-05, 4.215e-05, 3.57e-05, 2.855e-05, 2.491e-05,
         (7,25): 2.008e-05, 1.633e-05, 1.374e-05, 1.16e-05, 8.72e-06,
         (7,30): 6.87e-06, 6.12e-06, 4.32e-06, 3.3e-06, 3.17e-06, 2.3e-06,
         (7,36): 1.65e-06, 1.39e-06, 7.9e-07, 7.6e-07, 6.7e-07, 5.7e-07,
         (7,42): 3.7e-07, 3.5e-07, 1.7e-07, 2.2e-07, 1.5e-07, 1.2e-07,
         (7,48): 1.3e-07, 9e-08, 1.4e-07,
         (8,0): 0.0009293, 0.0009075, 0.0009179, 0.0009184, 0.0009083,
         (8,5): 0.0009021, 0.0009031, 0.0008724, 0.0008681, 0.0008699,
         (8,10): 0.00080791, 0.0005868, 0.00046976, 0.00036749, 0.00026022,
         (8,15): 0.00020267, 0.00015825, 0.00012421, 9.875e-05, 7.765e-05,
         (8,20): 6.312e-05, 4.86e-05, 3.975e-05, 3.203e-05, 2.495e-05,
         (8,25): 1.9e-05, 1.502e-05, 1.267e-05, 9.72e-06, 7.7e-06, 5.81e-06,
         (8,31): 4.38e-06, 3.19e-06, 2.76e-06, 1.91e-06, 1.29e-06, 9.3e-07,
         (8,37): 8.5e-07, 7.2e-07, 4.9e-07, 4e-07, 2.3e-07, 1.8e-07, 2.8e-07,
         (8,44): 1e-07, 1.5e-07, 1.1e-07, 5e-08, 3e-08, 6e-08, 3e-08,
         (9,0): 0.001815, 0.0018019, 0.0018012, 0.0017608, 0.001745,
         (9,5): 0.0017549, 0.0017221, 0.0017205, 0.0016664, 0.001686,
         (9,10): 0.00152877, 0.00103867, 0.00078623, 0.00058462, 0.00039278,
         (9,15): 0.00028117, 0.00020689, 0.00015587, 0.00011557, 8.788e-05,
         (9,20): 6.61e-05, 5.143e-05, 3.913e-05, 2.96e-05, 2.226e-05,
         (9,25): 1.609e-05, 1.257e-05, 9.26e-06, 7.31e-06, 5.36e-06,
         (9,30): 3.93e-06, 2.64e-06, 2.01e-06, 1.58e-06, 1.2e-06, 7.4e-07,
         (9,36): 6.3e-07, 4.3e-07, 2.9e-07, 2.6e-07, 2.5e-07, 1.9e-07,
         (9,42): 1.3e-07, 1.2e-07, 2e-08, 9e-08, 1e-08, 2e-08, 2e-08, 2e-08,
         (9,50): 3e-08,
         (10,0): 0.0033538, 0.0033582, 0.0033156, 0.0033108, 0.00325,
         (10,5): 0.0032366, 0.0031957, 0.0031496, 0.0031015, 0.00309028,
         (10,10): 0.00276761, 0.00170427, 0.00121912, 0.00083773, 0.00051347,
         (10,15): 0.00034836, 0.00024161, 0.00016654, 0.00011638, 8.34e-05,
         (10,20): 6.023e-05, 4.466e-05, 3.087e-05, 2.226e-05, 1.649e-05,
         (10,25): 1.137e-05, 8.35e-06, 6.25e-06, 4.79e-06, 3.04e-06,
         (10,30): 2.12e-06, 1.32e-06, 1.17e-06, 8.4e-07, 4.7e-07, 2.3e-07,
         (10,36): 2.6e-07, 1.2e-07, 1e-07, 9e-08, 6e-08, 5e-08, 3e-08, 1e-08,
         (10,44): 3e-08, 2e-08, 3e-08, 2e-08, 3e-08, 0, 1e-08,
         (11,0): 0.0056228, 0.0059275, 0.0058402, 0.0057482, 0.0056699,
         (11,5): 0.0055598, 0.0054283, 0.0054421, 0.0053621, 0.00528172,
         (11,10): 0.00463775, 0.00257937, 0.00170588, 0.00108869, 0.00059874,
         (11,15): 0.00037102, 0.00023622, 0.00015343, 0.00010122, 6.601e-05,
         (11,20): 4.487e-05, 3.05e-05, 2.196e-05, 1.514e-05, 9.62e-06,
         (11,25): 6.75e-06, 5.02e-06, 3.23e-06, 2.4e-06, 1.52e-06, 1.01e-06,
         (11,31): 6.1e-07, 4.8e-07, 4.9e-07, 2.4e-07, 1.6e-07, 1.5e-07,
         (11,37): 6e-08, 1.2e-07, 4e-08, 1e-08, 2e-08, 0, 1e-08, 1e-08,
         (11,45): 3e-08, 3e-08, 1e-08, 1e-08, 0, 0,
         (12,0): 0.008652, 0.009743, 0.009572, 0.009381, 0.009266, 0.009153,
         (12,6): 0.009067, 0.008809, 0.008589, 0.00853709, 0.00727362,
         (12,11): 0.00355557, 0.00215707, 0.00124889, 0.00060475, 0.0003419,
         (12,16): 0.00019965, 0.00011943, 7.144e-05, 4.328e-05, 2.833e-05,
         (12,21): 1.758e-05, 1.189e-05, 8.02e-06, 4.7e-06, 3.14e-06,
         (12,26): 2.12e-06, 1.83e-06, 1.2e-06, 7.4e-07, 4.6e-07, 2.7e-07,
         (12,32): 2.7e-07, 1.6e-07, 1.9e-07, 8e-08, 6e-08, 4e-08, 6e-08,
         (12,39): 3e-08, 1e-08, 0, 1e-08, 2e-08, 1e-08, 0, 1e-08, 0, 1e-08,
         (12,49): 0, 0,
         (13,0): 0.012383, 0.014689, 0.01491, 0.014479, 0.014239, 0.014043,
         (13,6): 0.013324, 0.013583, 0.013108, 0.0128585, 0.0105698,
         (13,11): 0.0044808, 0.00244913, 0.00128699, 0.00054396, 0.00027568,
         (13,16): 0.00014625, 8.081e-05, 4.487e-05, 2.606e-05, 1.599e-05,
         (13,21): 9.89e-06, 5.65e-06, 4.36e-06, 2.43e-06, 1.63e-06, 1.11e-06,
         (13,27): 7.5e-07, 5.9e-07, 3.7e-07, 2.2e-07, 1.2e-07, 1e-07, 5e-08,
         (13,34): 5e-08, 4e-08, 9e-08, 1e-08, 3e-08, 4e-08, 3e-08, 0, 1e-08,
         (13,43): 1e-08, 0, 1e-08, 0, 1e-08, 0, 0, 0,
         (14,0): 0.017262, 0.022131, 0.021783, 0.021286, 0.020756, 0.020231,
         (14,6): 0.019768, 0.019218, 0.019221, 0.0185276, 0.0145963,
         (14,11): 0.00519003, 0.00252571, 0.00116453, 0.00041112, 0.00018712,
         (14,16): 9.323e-05, 4.622e-05, 2.361e-05, 1.277e-05, 7.65e-06,
         (14,21): 4.68e-06, 2.68e-06, 2.17e-06, 1.28e-06, 7.8e-07, 5.9e-07,
         (14,27): 2.6e-07, 2.5e-07, 1.8e-07, 1.2e-07, 9e-08, 7e-08, 6e-08,
         (14,34): 4e-08, 3e-08, 1e-08, 0, 0, 2e-08, 1e-08, 0, 2e-08, 0,
         (14,44): 1e-08, 0, 1e-08, 0, 0, 0, 0,
         (15,0): 0.022505, 0.030338, 0.030724, 0.029855, 0.028802, 0.028121,
         (15,6): 0.027237, 0.026563, 0.025977, 0.0252315, 0.0189902,
         (15,11): 0.00551845, 0.00235322, 0.00094167, 0.0002824, 0.00011401,
         (15,16): 5.024e-05, 2.341e-05, 1.131e-05, 6.23e-06, 3.24e-06,
         (15,21): 2.36e-06, 1.29e-06, 9.3e-07, 4.9e-07, 3.6e-07, 3.1e-07,
         (15,27): 1.4e-07, 8e-08, 5e-08, 8e-08, 5e-08, 2e-08, 1e-08, 2e-08,
         (15,35): 1e-08, 0, 0, 1e-08, 0, 1e-08, 1e-08, 0, 0, 0, 0, 0, 0, 0,
         (15,49): 0, 0,
         (16,0): 0.02799, 0.04033, 0.042, 0.04094, 0.03871, 0.03789, 0.03602,
         (16,7): 0.03539, 0.03475, 0.0331866, 0.0236154, 0.00538589,
         (16,12): 0.00196629, 0.0006705, 0.00016785, 6.134e-05, 2.493e-05,
         (16,17): 1.119e-05, 5.3e-06, 2.94e-06, 1.87e-06, 8.7e-07, 5.9e-07,
         (16,23): 4.8e-07, 2.6e-07, 3.3e-07, 1.3e-07, 8e-08, 8e-08, 5e-08, 0,
         (16,31): 4e-08, 2e-08, 1e-08, 3e-08, 0, 0, 1e-08, 0, 0, 0, 0, 0,
         (16,43): 2e-08, 0, 0, 0, 0, 0, 0, 0,
         (17,0): 0.03443, 0.05344, 0.05648, 0.05395, 0.05119, 0.04933,
         (17,6): 0.04566, 0.04549, 0.04399, 0.0420426, 0.0279642, 0.00484413,
         (17,12): 0.00147726, 0.00042162, 8.989e-05, 3.114e-05, 1.23e-05,
         (17,17): 5.35e-06, 2.88e-06, 1.6e-06, 9.6e-07, 4.9e-07, 4.3e-07,
         (17,23): 2.3e-07, 1.4e-07, 9e-08, 8e-08, 7e-08, 7e-08, 4e-08, 1e-08,
         (17,31): 2e-08, 1e-08, 1e-08, 2e-08, 1e-08, 2e-08, 0, 0, 0, 0, 0, 0,
         (17,43): 0, 0, 0, 0, 0, 0, 0, 0,
         (18,0): 0.04344, 0.06594, 0.07018, 0.06944, 0.06506, 0.06292,
         (18,6): 0.05989, 0.05789, 0.05406, 0.0515149, 0.0317358, 0.00401382,
         (18,12): 0.00101241, 0.000243, 4.438e-05, 1.497e-05, 6.11e-06,
         (18,17): 2.75e-06, 1.25e-06, 8.5e-07, 5.5e-07, 2.5e-07, 2.3e-07,
         (18,23): 1e-07, 8e-08, 6e-08, 4e-08, 2e-08, 3e-08, 1e-08, 0, 1e-08,
         (18,32): 0, 1e-08, 0, 0, 0, 0, 0, 0, 0, 0, 0, 0, 0, 0, 0, 0, 0, 0,
         (18,50): 0,
         (19,0): 0.05253, 0.08115, 0.09009, 0.08604, 0.08292, 0.07635,
         (19,6): 0.0727, 0.06781, 0.06396, 0.0611387, 0.034498, 0.00306906,
         (19,12): 0.00062645, 0.00013225, 2.212e-05, 7.63e-06, 3.13e-06,
         (19,17): 1.34e-06, 7.6e-07, 4.9e-07, 2.8e-07, 1.7e-07, 1.3e-07,
         (19,23): 1.2e-07, 3e-08, 3e-08, 4e-08, 1e-08, 1e-08, 3e-08, 0, 0, 0,
         (19,33): 0, 0, 0, 0, 0, 0, 0, 0, 0, 0, 0, 0, 0, 0, 0, 0, 0, 0,
         (20,0): 0.06157, 0.10083, 0.11208, 0.1076, 0.09872, 0.09145,
         (20,6): 0.08562, 0.08072, 0.07569, 0.0706432, 0.035971, 0.00214531,
         (20,12): 0.00035674, 6.617e-05, 1.173e-05, 3.68e-06, 1.47e-06,
         (20,17): 9.7e-07, 4e-07, 2.3e-07, 1.5e-07, 1e-07, 1e-07, 2e-08, 0,
         (20,25): 3e-08, 0, 0, 3e-08, 0, 0, 0, 0, 0, 0, 0, 0, 0, 0, 0, 0, 0,
         (20,42): 0, 0, 0, 0, 0, 0, 0, 0, 0,
         (21,0): 0.07312, 0.12296, 0.1373, 0.13079, 0.12046, 0.10942,
         (21,6): 0.10058, 0.09418, 0.08822, 0.0796378, 0.0356643, 0.00133325,
         (21,12): 0.00018434, 3.328e-05, 5.85e-06, 2.1e-06, 7.7e-07, 4e-07,
         (21,18): 1.6e-07, 1.3e-07, 7e-08, 6e-08, 4e-08, 1e-08, 5e-08, 0, 0,
         (21,27): 0, 0, 1e-08, 2e-08, 0, 0, 0, 0, 0, 0, 0, 0, 0, 0, 0, 0, 0,
         (21,44): 0, 0, 0, 0, 0, 0, 0,
         (22,0): 0.08833, 0.14603, 0.16688, 0.15417, 0.13902, 0.1273, 0.1142,
         (22,7): 0.10535, 0.09575, 0.0869744, 0.0339083, 0.00078164,
         (22,12): 9.204e-05, 1.605e-05, 2.97e-06, 8e-07, 6.1e-07, 3e-07,
         (22,18): 1.1e-07, 1e-07, 6e-08, 4e-08, 1e-08, 0, 1e-08, 1e-08, 0,
         (22,27): 1e-08, 0, 1e-08, 0, 0, 0, 0, 0, 0, 0, 0, 0, 0, 0, 0, 0, 0,
         (22,44): 0, 0, 0, 0, 0, 0, 0,
         (23,0): 0.10048, 0.17265, 0.19401, 0.18022, 0.16045, 0.14285,
         (23,6): 0.12825, 0.11538, 0.10369, 0.0923211, 0.0307379, 0.00042997,
         (23,12): 4.676e-05, 8.31e-06, 1.61e-06, 5.5e-07, 2.6e-07, 1.2e-07,
         (23,18): 8e-08, 7e-08, 2e-08, 1e-08, 0, 0, 0, 0, 0, 0, 0, 0, 0, 0,
         (23,32): 0, 0, 0, 0, 0, 0, 0, 0, 0, 0, 0, 0, 0, 0, 0, 0, 0, 0, 0,
         (24,0): 0.11885, 0.20134, 0.22899, 0.21059, 0.18445, 0.1608,
         (24,6): 0.13871, 0.12277, 0.10523, 0.0953141, 0.0266389, 0.00022568,
         (24,12): 2.392e-05, 4.7e-06, 9.5e-07, 3.1e-07, 1.5e-07, 5e-08,
         (24,18): 5e-08, 2e-08, 1e-08, 1e-08, 0, 1e-08, 0, 0, 1e-08, 0, 0, 0,
         (24,30): 0, 0, 0, 0, 0, 0, 0, 0, 0, 0, 0, 0, 0, 0, 0, 0, 0, 0, 0, 0,
         (24,50): 0
         }
      }
   }
}
}
