HDF5 "nu2tau_pexit.0.hdf5" {
GROUP "/" {
   GROUP "pexit_no_regen" {
      ATTRIBUTE "AXIS0" {
         DATATYPE  H5T_STRING {
            STRSIZE H5T_VARIABLE;
            STRPAD H5T_STR_NULLTERM;
            CSET H5T_CSET_UTF8;
            CTYPE H5T_C_S1;
         }
         DATASPACE  SCALAR
         DATA {
         (0): "log_e_nu"
         }
      }
      ATTRIBUTE "AXIS1" {
         DATATYPE  H5T_STRING {
            STRSIZE H5T_VARIABLE;
            STRPAD H5T_STR_NULLTERM;
            CSET H5T_CSET_UTF8;
            CTYPE H5T_C_S1;
         }
         DATASPACE  SCALAR
         DATA {
         (0): "beta_rad"
         }
      }
      GROUP "__nss_grid_axes__" {
         DATASET "beta_rad" {
            DATATYPE  H5T_IEEE_F64LE
            DATASPACE  SIMPLE { ( 42 ) / ( 42 ) }
            DATA {
            (0): 0.0174533, 0.0349066, 0.0523599, 0.0698132, 0.0872665,
            (5): 0.10472, 0.122173, 0.139626, 0.15708, 0.174533, 0.191986,
            (11): 0.20944, 0.226893, 0.244346, 0.261799, 0.279253, 0.296706,
            (17): 0.314159, 0.331613, 0.349066, 0.366519, 0.383972, 0.401426,
            (23): 0.418879, 0.436332, 0.453786, 0.471239, 0.488692, 0.506145,
            (29): 0.523599, 0.541052, 0.558505, 0.575959, 0.593412, 0.610865,
            (35): 0.628319, 0.645772, 0.663225, 0.680678, 0.698132, 0.715585,
            (41): 0.733038
            }
         }
         DATASET "log_e_nu" {
            DATATYPE  H5T_IEEE_F64LE
            DATASPACE  SIMPLE { ( 25 ) / ( 25 ) }
            DATA {
            (0): 6, 6.25, 6.5, 6.75, 7, 7.25, 7.5, 7.75, 8, 8.25, 8.5, 8.75,
            (12): 9, 9.25, 9.5, 9.75, 10, 10.25, 10.5, 10.75, 11, 11.25,
            (22): 11.5, 11.75, 12
            }
         }
      }
      DATASET "__nss_grid_data__" {
         DATATYPE  H5T_IEEE_F64LE
         DATASPACE  SIMPLE { ( 25, 42 ) / ( 25, 42 ) }
         DATA {
         (0,0): 1.3e-06, 1.48e-06, 1.5e-06, 1.29e-06, 1.47e-06, 1.26e-06,
         (0,6): 1.26e-06, 1.07e-06, 1.37e-06, 1.1e-06, 1.1e-06, 1.2e-06,
         (0,12): 9.7e-07, 7.3e-07, 7.2e-07, 9.1e-07, 8.9e-07, 9.4e-07,
         (0,18): 8.1e-07, 5.7e-07, 8.2e-07, 6.6e-07, 6.7e-07, 5.8e-07,
         (0,24): 6.3e-07, 5.6e-07, 5.9e-07, 4.9e-07, 4.8e-07, 3.9e-07,
         (0,30): 4.2e-07, 4e-07, 3.6e-07, 4.3e-07, 3.9e-07, 3.8e-07, 2.9e-07,
         (0,37): 2.9e-07, 2.6e-07, 1.8e-07, 2.8e-07, 2.6e-07,
         (1,0): 3.44e-06, 3.38e-06, 3.03e-06, 3.19e-06, 2.9e-06, 2.84e-06,
         (1,6): 2.59e-06, 2.27e-06, 2.4e-06, 2.16e-06, 2.35e-06, 2.17e-06,
         (1,12): 1.98e-06, 1.98e-06, 1.73e-06, 1.78e-06, 1.59e-06, 1.52e-06,
         (1,18): 1.5e-06, 1.25e-06, 1.31e-06, 1.28e-06, 1e-06, 1.26e-06,
         (1,24): 9.6e-07, 1.2e-06, 8.6e-07, 9e-07, 7.6e-07, 8.5e-07, 6.6e-07,
         (1,31): 6.8e-07, 7e-07, 6.7e-07, 6.8e-07, 5.7e-07, 5.1e-07, 5.2e-07,
         (1,38): 5.4e-07, 3.1e-07, 4.6e-07, 4.2e-07,
         (2,0): 8.19e-06, 8.14e-06, 7.06e-06, 6.93e-06, 6.52e-06, 6.55e-06,
         (2,6): 5.02e-06, 5.12e-06, 4.69e-06, 4.14e-06, 4.58e-06, 3.99e-06,
         (2,12): 3.83e-06, 3.82e-06, 3.48e-06, 3.31e-06, 3.14e-06, 2.82e-06,
         (2,18): 2.7e-06, 2.58e-06, 2.51e-06, 2.36e-06, 1.8e-06, 2.21e-06,
         (2,24): 1.86e-06, 1.61e-06, 1.54e-06, 1.58e-06, 1.29e-06, 1.17e-06,
         (2,30): 1.01e-06, 1.09e-06, 9.3e-07, 6.8e-07, 6.9e-07, 8.3e-07,
         (2,36): 7.6e-07, 6.4e-07, 6.1e-07, 4.4e-07, 5.9e-07, 3.7e-07,
         (3,0): 1.76e-05, 1.671e-05, 1.653e-05, 1.581e-05, 1.359e-05,
         (3,5): 1.269e-05, 1.246e-05, 1.089e-05, 9.56e-06, 9.58e-06, 8.6e-06,
         (3,11): 7.87e-06, 6.92e-06, 7.04e-06, 7.04e-06, 5.67e-06, 5.47e-06,
         (3,17): 4.91e-06, 4.73e-06, 4.36e-06, 4.23e-06, 3.62e-06, 3.28e-06,
         (3,23): 2.83e-06, 2.68e-06, 2.52e-06, 2.1e-06, 2.01e-06, 1.76e-06,
         (3,29): 1.37e-06, 1.37e-06, 1.11e-06, 1.15e-06, 1.17e-06, 8.1e-07,
         (3,35): 7.4e-07, 6.9e-07, 5.1e-07, 6.8e-07, 5.8e-07, 4.4e-07,
         (3,41): 4.8e-07,
         (4,0): 4.218e-05, 4.032e-05, 3.546e-05, 3.303e-05, 2.934e-05,
         (4,5): 2.506e-05, 2.297e-05, 2.041e-05, 1.879e-05, 1.726e-05,
         (4,10): 1.553e-05, 1.423e-05, 1.316e-05, 1.158e-05, 1.075e-05,
         (4,15): 9.85e-06, 8.77e-06, 7.65e-06, 6.45e-06, 6.51e-06, 5.96e-06,
         (4,21): 5.29e-06, 4.7e-06, 4.09e-06, 3.64e-06, 3.01e-06, 2.45e-06,
         (4,27): 2.36e-06, 2.09e-06, 1.77e-06, 1.8e-06, 1.34e-06, 1.27e-06,
         (4,33): 9.7e-07, 8.6e-07, 8e-07, 7e-07, 5.4e-07, 5.1e-07, 6.2e-07,
         (4,40): 4.8e-07, 4.4e-07,
         (5,0): 9.221e-05, 8.882e-05, 7.621e-05, 6.811e-05, 5.824e-05,
         (5,5): 5.017e-05, 4.275e-05, 3.889e-05, 3.527e-05, 3.075e-05,
         (5,10): 2.629e-05, 2.323e-05, 2.108e-05, 1.88e-05, 1.657e-05,
         (5,15): 1.433e-05, 1.339e-05, 1.16e-05, 9.56e-06, 9.52e-06,
         (5,20): 7.26e-06, 6.76e-06, 5.53e-06, 4.93e-06, 4.44e-06, 4.29e-06,
         (5,26): 2.67e-06, 2.49e-06, 2.02e-06, 1.87e-06, 1.38e-06, 1.36e-06,
         (5,32): 1.05e-06, 1e-06, 8.3e-07, 6.2e-07, 6e-07, 6.8e-07, 4.1e-07,
         (5,39): 4.2e-07, 3e-07, 2.9e-07,
         (6,0): 0.00020248, 0.00019441, 0.00015769, 0.0001359, 0.00011567,
         (6,5): 9.185e-05, 8.019e-05, 6.596e-05, 5.735e-05, 4.937e-05,
         (6,10): 4.169e-05, 3.73e-05, 3.067e-05, 2.669e-05, 2.331e-05,
         (6,15): 1.965e-05, 1.708e-05, 1.509e-05, 1.2e-05, 1.107e-05,
         (6,20): 8.72e-06, 7.81e-06, 6.5e-06, 4.78e-06, 4.22e-06, 3.37e-06,
         (6,26): 2.43e-06, 2.38e-06, 1.72e-06, 1.47e-06, 1.18e-06, 1.21e-06,
         (6,32): 9.3e-07, 7.1e-07, 4.8e-07, 5.2e-07, 2.7e-07, 3e-07, 2.6e-07,
         (6,39): 3.1e-07, 1.8e-07, 1.7e-07,
         (7,0): 0.00042349, 0.00040287, 0.00031286, 0.00025856, 0.0002115,
         (7,5): 0.00016304, 0.00013343, 0.00010843, 8.9e-05, 7.321e-05,
         (7,10): 5.907e-05, 5.059e-05, 4.215e-05, 3.57e-05, 2.855e-05,
         (7,15): 2.491e-05, 2.008e-05, 1.633e-05, 1.374e-05, 1.16e-05,
         (7,20): 8.72e-06, 6.87e-06, 6.12e-06, 4.32e-06, 3.3e-06, 3.17e-06,
         (7,26): 2.3e-06, 1.65e-06, 1.39e-06, 7.9e-07, 7.6e-07, 6.7e-07,
         (7,32): 5.7e-07, 3.7e-07, 3.5e-07, 1.7e-07, 2.2e-07, 1.5e-07,
         (7,38): 1.2e-07, 1.3e-07, 9e-08, 1.4e-07,
         (8,0): 0.0008699, 0.00080791, 0.0005868, 0.00046976, 0.00036749,
         (8,5): 0.00026022, 0.00020267, 0.00015825, 0.00012421, 9.875e-05,
         (8,10): 7.765e-05, 6.312e-05, 4.86e-05, 3.975e-05, 3.203e-05,
         (8,15): 2.495e-05, 1.9e-05, 1.502e-05, 1.267e-05, 9.72e-06, 7.7e-06,
         (8,21): 5.81e-06, 4.38e-06, 3.19e-06, 2.76e-06, 1.91e-06, 1.29e-06,
         (8,27): 9.3e-07, 8.5e-07, 7.2e-07, 4.9e-07, 4e-07, 2.3e-07, 1.8e-07,
         (8,34): 2.8e-07, 1e-07, 1.5e-07, 1.1e-07, 5e-08, 3e-08, 6e-08,
         (8,41): 3e-08,
         (9,0): 0.001686, 0.00152877, 0.00103867, 0.00078623, 0.00058462,
         (9,5): 0.00039278, 0.00028117, 0.00020689, 0.00015587, 0.00011557,
         (9,10): 8.788e-05, 6.61e-05, 5.143e-05, 3.913e-05, 2.96e-05,
         (9,15): 2.226e-05, 1.609e-05, 1.257e-05, 9.26e-06, 7.31e-06,
         (9,20): 5.36e-06, 3.93e-06, 2.64e-06, 2.01e-06, 1.58e-06, 1.2e-06,
         (9,26): 7.4e-07, 6.3e-07, 4.3e-07, 2.9e-07, 2.6e-07, 2.5e-07,
         (9,32): 1.9e-07, 1.3e-07, 1.2e-07, 2e-08, 9e-08, 1e-08, 2e-08,
         (9,39): 2e-08, 2e-08, 3e-08,
         (10,0): 0.00309028, 0.00276761, 0.00170427, 0.00121912, 0.00083773,
         (10,5): 0.00051347, 0.00034836, 0.00024161, 0.00016654, 0.00011638,
         (10,10): 8.34e-05, 6.023e-05, 4.466e-05, 3.087e-05, 2.226e-05,
         (10,15): 1.649e-05, 1.137e-05, 8.35e-06, 6.25e-06, 4.79e-06,
         (10,20): 3.04e-06, 2.12e-06, 1.32e-06, 1.17e-06, 8.4e-07, 4.7e-07,
         (10,26): 2.3e-07, 2.6e-07, 1.2e-07, 1e-07, 9e-08, 6e-08, 5e-08,
         (10,33): 3e-08, 1e-08, 3e-08, 2e-08, 3e-08, 2e-08, 3e-08, 0, 1e-08,
         (11,0): 0.00528172, 0.00463775, 0.00257937, 0.00170588, 0.00108869,
         (11,5): 0.00059874, 0.00037102, 0.00023622, 0.00015343, 0.00010122,
         (11,10): 6.601e-05, 4.487e-05, 3.05e-05, 2.196e-05, 1.514e-05,
         (11,15): 9.62e-06, 6.75e-06, 5.02e-06, 3.23e-06, 2.4e-06, 1.52e-06,
         (11,21): 1.01e-06, 6.1e-07, 4.8e-07, 4.9e-07, 2.4e-07, 1.6e-07,
         (11,27): 1.5e-07, 6e-08, 1.2e-07, 4e-08, 1e-08, 2e-08, 0, 1e-08,
         (11,35): 1e-08, 3e-08, 3e-08, 1e-08, 1e-08, 0, 0,
         (12,0): 0.00853709, 0.00727362, 0.00355557, 0.00215707, 0.00124889,
         (12,5): 0.00060475, 0.0003419, 0.00019965, 0.00011943, 7.144e-05,
         (12,10): 4.328e-05, 2.833e-05, 1.758e-05, 1.189e-05, 8.02e-06,
         (12,15): 4.7e-06, 3.14e-06, 2.12e-06, 1.83e-06, 1.2e-06, 7.4e-07,
         (12,21): 4.6e-07, 2.7e-07, 2.7e-07, 1.6e-07, 1.9e-07, 8e-08, 6e-08,
         (12,28): 4e-08, 6e-08, 3e-08, 1e-08, 0, 1e-08, 2e-08, 1e-08, 0,
         (12,37): 1e-08, 0, 1e-08, 0, 0,
         (13,0): 0.0128585, 0.0105698, 0.0044808, 0.00244913, 0.00128699,
         (13,5): 0.00054396, 0.00027568, 0.00014625, 8.081e-05, 4.487e-05,
         (13,10): 2.606e-05, 1.599e-05, 9.89e-06, 5.65e-06, 4.36e-06,
         (13,15): 2.43e-06, 1.63e-06, 1.11e-06, 7.5e-07, 5.9e-07, 3.7e-07,
         (13,21): 2.2e-07, 1.2e-07, 1e-07, 5e-08, 5e-08, 4e-08, 9e-08, 1e-08,
         (13,29): 3e-08, 4e-08, 3e-08, 0, 1e-08, 1e-08, 0, 1e-08, 0, 1e-08,
         (13,39): 0, 0, 0,
         (14,0): 0.0185276, 0.0145963, 0.00519003, 0.00252571, 0.00116453,
         (14,5): 0.00041112, 0.00018712, 9.323e-05, 4.622e-05, 2.361e-05,
         (14,10): 1.277e-05, 7.65e-06, 4.68e-06, 2.68e-06, 2.17e-06,
         (14,15): 1.28e-06, 7.8e-07, 5.9e-07, 2.6e-07, 2.5e-07, 1.8e-07,
         (14,21): 1.2e-07, 9e-08, 7e-08, 6e-08, 4e-08, 3e-08, 1e-08, 0, 0,
         (14,30): 2e-08, 1e-08, 0, 2e-08, 0, 1e-08, 0, 1e-08, 0, 0, 0, 0,
         (15,0): 0.0252315, 0.0189902, 0.00551845, 0.00235322, 0.00094167,
         (15,5): 0.0002824, 0.00011401, 5.024e-05, 2.341e-05, 1.131e-05,
         (15,10): 6.23e-06, 3.24e-06, 2.36e-06, 1.29e-06, 9.3e-07, 4.9e-07,
         (15,16): 3.6e-07, 3.1e-07, 1.4e-07, 8e-08, 5e-08, 8e-08, 5e-08,
         (15,23): 2e-08, 1e-08, 2e-08, 1e-08, 0, 0, 1e-08, 0, 1e-08, 1e-08,
         (15,33): 0, 0, 0, 0, 0, 0, 0, 0, 0,
         (16,0): 0.0331866, 0.0236154, 0.00538589, 0.00196629, 0.0006705,
         (16,5): 0.00016785, 6.134e-05, 2.493e-05, 1.119e-05, 5.3e-06,
         (16,10): 2.94e-06, 1.87e-06, 8.7e-07, 5.9e-07, 4.8e-07, 2.6e-07,
         (16,16): 3.3e-07, 1.3e-07, 8e-08, 8e-08, 5e-08, 0, 4e-08, 2e-08,
         (16,24): 1e-08, 3e-08, 0, 0, 1e-08, 0, 0, 0, 0, 0, 2e-08, 0, 0, 0,
         (16,38): 0, 0, 0, 0,
         (17,0): 0.0420426, 0.0279642, 0.00484413, 0.00147726, 0.00042162,
         (17,5): 8.989e-05, 3.114e-05, 1.23e-05, 5.35e-06, 2.88e-06, 1.6e-06,
         (17,11): 9.6e-07, 4.9e-07, 4.3e-07, 2.3e-07, 1.4e-07, 9e-08, 8e-08,
         (17,18): 7e-08, 7e-08, 4e-08, 1e-08, 2e-08, 1e-08, 1e-08, 2e-08,
         (17,26): 1e-08, 2e-08, 0, 0, 0, 0, 0, 0, 0, 0, 0, 0, 0, 0, 0, 0,
         (18,0): 0.0515149, 0.0317358, 0.00401382, 0.00101241, 0.000243,
         (18,5): 4.438e-05, 1.497e-05, 6.11e-06, 2.75e-06, 1.25e-06, 8.5e-07,
         (18,11): 5.5e-07, 2.5e-07, 2.3e-07, 1e-07, 8e-08, 6e-08, 4e-08,
         (18,18): 2e-08, 3e-08, 1e-08, 0, 1e-08, 0, 1e-08, 0, 0, 0, 0, 0, 0,
         (18,31): 0, 0, 0, 0, 0, 0, 0, 0, 0, 0, 0,
         (19,0): 0.0611387, 0.034498, 0.00306906, 0.00062645, 0.00013225,
         (19,5): 2.212e-05, 7.63e-06, 3.13e-06, 1.34e-06, 7.6e-07, 4.9e-07,
         (19,11): 2.8e-07, 1.7e-07, 1.3e-07, 1.2e-07, 3e-08, 3e-08, 4e-08,
         (19,18): 1e-08, 1e-08, 3e-08, 0, 0, 0, 0, 0, 0, 0, 0, 0, 0, 0, 0, 0,
         (19,34): 0, 0, 0, 0, 0, 0, 0, 0,
         (20,0): 0.0706432, 0.035971, 0.00214531, 0.00035674, 6.617e-05,
         (20,5): 1.173e-05, 3.68e-06, 1.47e-06, 9.7e-07, 4e-07, 2.3e-07,
         (20,11): 1.5e-07, 1e-07, 1e-07, 2e-08, 0, 3e-08, 0, 0, 3e-08, 0, 0,
         (20,22): 0, 0, 0, 0, 0, 0, 0, 0, 0, 0, 0, 0, 0, 0, 0, 0, 0, 0, 0, 0,
         (21,0): 0.0796378, 0.0356643, 0.00133325, 0.00018434, 3.328e-05,
         (21,5): 5.85e-06, 2.1e-06, 7.7e-07, 4e-07, 1.6e-07, 1.3e-07, 7e-08,
         (21,12): 6e-08, 4e-08, 1e-08, 5e-08, 0, 0, 0, 0, 1e-08, 2e-08, 0, 0,
         (21,24): 0, 0, 0, 0, 0, 0, 0, 0, 0, 0, 0, 0, 0, 0, 0, 0, 0, 0,
         (22,0): 0.0869744, 0.0339083, 0.00078164, 9.204e-05, 1.605e-05,
         (22,5): 2.97e-06, 8e-07, 6.1e-07, 3e-07, 1.1e-07, 1e-07, 6e-08,
         (22,12): 4e-08, 1e-08, 0, 1e-08, 1e-08, 0, 1e-08, 0, 1e-08, 0, 0, 0,
         (22,24): 0, 0, 0, 0, 0, 0, 0, 0, 0, 0, 0, 0, 0, 0, 0, 0, 0, 0,
         (23,0): 0.0923211, 0.0307379, 0.00042997, 4.676e-05, 8.31e-06,
         (23,5): 1.61e-06, 5.5e-07, 2.6e-07, 1.2e-07, 8e-08, 7e-08, 2e-08,
         (23,12): 1e-08, 0, 0, 0, 0, 0, 0, 0, 0, 0, 0, 0, 0, 0, 0, 0, 0, 0,
         (23,30): 0, 0, 0, 0, 0, 0, 0, 0, 0, 0, 0, 0,
         (24,0): 0.0953141, 0.0266389, 0.00022568, 2.392e-05, 4.7e-06,
         (24,5): 9.5e-07, 3.1e-07, 1.5e-07, 5e-08, 5e-08, 2e-08, 1e-08,
         (24,12): 1e-08, 0, 1e-08, 0, 0, 1e-08, 0, 0, 0, 0, 0, 0, 0, 0, 0, 0,
         (24,28): 0, 0, 0, 0, 0, 0, 0, 0, 0, 0, 0, 0, 0, 0
         }
      }
   }
   GROUP "pexit_regen" {
      ATTRIBUTE "AXIS0" {
         DATATYPE  H5T_STRING {
            STRSIZE H5T_VARIABLE;
            STRPAD H5T_STR_NULLTERM;
            CSET H5T_CSET_UTF8;
            CTYPE H5T_C_S1;
         }
         DATASPACE  SCALAR
         DATA {
         (0): "log_e_nu"
         }
      }
      ATTRIBUTE "AXIS1" {
         DATATYPE  H5T_STRING {
            STRSIZE H5T_VARIABLE;
            STRPAD H5T_STR_NULLTERM;
            CSET H5T_CSET_UTF8;
            CTYPE H5T_C_S1;
         }
         DATASPACE  SCALAR
         DATA {
         (0): "beta_rad"
         }
      }
      GROUP "__nss_grid_axes__" {
         DATASET "beta_rad" {
            DATATYPE  H5T_IEEE_F64LE
            DATASPACE  SIMPLE { ( 42 ) / ( 42 ) }
            DATA {
            (0): 0.0174533, 0.0349066, 0.0523599, 0.0698132, 0.0872665,
            (5): 0.10472, 0.122173, 0.139626, 0.15708, 0.174533, 0.191986,
            (11): 0.20944, 0.226893, 0.244346, 0.261799, 0.279253, 0.296706,
            (17): 0.314159, 0.331613, 0.349066, 0.366519, 0.383972, 0.401426,
            (23): 0.418879, 0.436332, 0.453786, 0.471239, 0.488692, 0.506145,
            (29): 0.523599, 0.541052, 0.558505, 0.575959, 0.593412, 0.610865,
            (35): 0.628319, 0.645772, 0.663225, 0.680678, 0.698132, 0.715585,
            (41): 0.733038
            }
         }
         DATASET "log_e_nu" {
            DATATYPE  H5T_IEEE_F64LE
            DATASPACE  SIMPLE { ( 25 ) / ( 25 ) }
            DATA {
            (0): 6, 6.25, 6.5, 6.75, 7, 7.25, 7.5, 7.75, 8, 8.25, 8.5, 8.75,
            (12): 9, 9.25, 9.5, 9.75, 10, 10.25, 10.5, 10.75, 11, 11.25,
            (22): 11.5, 11.75, 12
            }
         }
      }
      DATASET "__nss_grid_data__" {
         DATATYPE  H5T_IEEE_F64LE
         DATASPACE  SIMPLE { ( 25, 42 ) / ( 25, 42 ) }
         DATA {
         (0,0): 1.3e-06, 1.48e-06, 1.54e-06, 1.31e-06, 1.48e-06, 1.29e-06,
         (0,6): 1.3e-06, 1.12e-06, 1.45e-06, 1.16e-06, 1.13e-06, 1.23e-06,
         (0,12): 1.01e-06, 8.3e-07, 8.3e-07, 1.02e-06, 9.7e-07, 1.02e-06,
         (0,18): 8.7e-07, 7e-07, 9.4e-07, 7.3e-07, 7.3e-07, 6.3e-07, 7.3e-07,
         (0,25): 6.6e-07, 7e-07, 5.7e-07, 6.1e-07, 5.1e-07, 5.3e-07, 5.7e-07,
         (0,32): 4.7e-07, 5e-07, 4.8e-07, 4.8e-07, 3.8e-07, 4e-07, 3.3e-07,
         (0,39): 2.4e-07, 3.9e-07, 3.6e-07,
         (1,0): 3.45e-06, 3.38e-06, 3.09e-06, 3.29e-06, 2.97e-06, 2.97e-06,
         (1,6): 2.75e-06, 2.36e-06, 2.49e-06, 2.3e-06, 2.54e-06, 2.4e-06,
         (1,12): 2.2e-06, 2.18e-06, 2e-06, 1.99e-06, 1.86e-06, 1.87e-06,
         (1,18): 1.73e-06, 1.56e-06, 1.6e-06, 1.54e-06, 1.29e-06, 1.52e-06,
         (1,24): 1.27e-06, 1.45e-06, 1.11e-06, 1.28e-06, 9.7e-07, 1.06e-06,
         (1,30): 9.6e-07, 9.2e-07, 9.6e-07, 9.5e-07, 9.2e-07, 8.2e-07,
         (1,36): 7.4e-07, 7.8e-07, 7.8e-07, 6.4e-07, 6.5e-07, 6.2e-07,
         (2,0): 8.22e-06, 8.16e-06, 7.18e-06, 7.15e-06, 6.73e-06, 6.88e-06,
         (2,6): 5.5e-06, 5.52e-06, 5.12e-06, 4.61e-06, 5.01e-06, 4.5e-06,
         (2,12): 4.34e-06, 4.31e-06, 4.02e-06, 4.1e-06, 3.9e-06, 3.49e-06,
         (2,18): 3.3e-06, 3.31e-06, 3.2e-06, 3.02e-06, 2.47e-06, 2.82e-06,
         (2,24): 2.5e-06, 2.28e-06, 2.04e-06, 2.05e-06, 2.04e-06, 1.74e-06,
         (2,30): 1.67e-06, 1.68e-06, 1.33e-06, 1.27e-06, 1.32e-06, 1.39e-06,
         (2,36): 1.18e-06, 1.11e-06, 1.08e-06, 9.3e-07, 1.11e-06, 8.8e-07,
         (3,0): 1.767e-05, 1.686e-05, 1.688e-05, 1.632e-05, 1.438e-05,
         (3,5): 1.352e-05, 1.342e-05, 1.194e-05, 1.091e-05, 1.105e-05,
         (3,10): 1.001e-05, 9.22e-06, 8.39e-06, 8.7e-06, 8.54e-06, 7.12e-06,
         (3,16): 7.02e-06, 6.47e-06, 6.33e-06, 6.16e-06, 5.81e-06, 5.17e-06,
         (3,22): 4.92e-06, 4.31e-06, 4.43e-06, 3.92e-06, 3.54e-06, 3.28e-06,
         (3,28): 3e-06, 2.5e-06, 2.37e-06, 2.44e-06, 2.27e-06, 2.17e-06,
         (3,34): 1.73e-06, 1.58e-06, 1.56e-06, 1.38e-06, 1.49e-06, 1.43e-06,
         (3,40): 1.2e-06, 1.05e-06,
         (4,0): 4.235e-05, 4.08e-05, 3.684e-05, 3.464e-05, 3.158e-05,
         (4,5): 2.789e-05, 2.562e-05, 2.334e-05, 2.181e-05, 2.014e-05,
         (4,10): 1.881e-05, 1.82e-05, 1.66e-05, 1.494e-05, 1.42e-05,
         (4,15): 1.314e-05, 1.205e-05, 1.144e-05, 9.66e-06, 9.8e-06,
         (4,20): 8.87e-06, 8.2e-06, 7.43e-06, 6.97e-06, 6.28e-06, 5.62e-06,
         (4,26): 5.33e-06, 4.94e-06, 4.24e-06, 3.96e-06, 3.81e-06, 3.21e-06,
         (4,32): 2.99e-06, 2.57e-06, 2.39e-06, 2.38e-06, 2.35e-06, 1.83e-06,
         (4,38): 2.04e-06, 1.82e-06, 1.59e-06, 1.52e-06,
         (5,0): 9.282e-05, 8.993e-05, 7.976e-05, 7.298e-05, 6.413e-05,
         (5,5): 5.648e-05, 4.939e-05, 4.609e-05, 4.247e-05, 3.859e-05,
         (5,10): 3.369e-05, 3.06e-05, 2.83e-05, 2.635e-05, 2.364e-05,
         (5,15): 2.175e-05, 2.013e-05, 1.86e-05, 1.61e-05, 1.586e-05,
         (5,20): 1.384e-05, 1.231e-05, 1.053e-05, 9.9e-06, 9.25e-06,
         (5,25): 8.89e-06, 6.97e-06, 5.93e-06, 5.4e-06, 5.41e-06, 4.37e-06,
         (5,31): 4.2e-06, 3.62e-06, 3.34e-06, 3.34e-06, 2.61e-06, 2.75e-06,
         (5,37): 2.63e-06, 2.33e-06, 2.11e-06, 1.76e-06, 1.89e-06,
         (6,0): 0.00020444, 0.00019841, 0.00016619, 0.00014653, 0.00012821,
         (6,5): 0.00010609, 9.496e-05, 8.173e-05, 7.366e-05, 6.509e-05,
         (6,10): 5.759e-05, 5.317e-05, 4.549e-05, 4.097e-05, 3.746e-05,
         (6,15): 3.274e-05, 3.031e-05, 2.688e-05, 2.365e-05, 2.17e-05,
         (6,20): 1.902e-05, 1.699e-05, 1.532e-05, 1.275e-05, 1.161e-05,
         (6,25): 9.27e-06, 8.84e-06, 8.08e-06, 6.5e-06, 5.93e-06, 5.22e-06,
         (6,31): 4.96e-06, 4.47e-06, 3.85e-06, 3.35e-06, 3.55e-06, 2.69e-06,
         (6,37): 2.57e-06, 2.15e-06, 2.4e-06, 2.21e-06, 1.82e-06,
         (7,0): 0.00042784, 0.00041145, 0.00033299, 0.00028342, 0.00024061,
         (7,5): 0.00019453, 0.00016479, 0.00014005, 0.00011989, 0.00010335,
         (7,10): 8.836e-05, 7.923e-05, 6.758e-05, 6.024e-05, 5.177e-05,
         (7,15): 4.631e-05, 3.961e-05, 3.464e-05, 3.072e-05, 2.787e-05,
         (7,20): 2.322e-05, 2.036e-05, 1.885e-05, 1.517e-05, 1.346e-05,
         (7,25): 1.194e-05, 9.72e-06, 8.64e-06, 7.66e-06, 6.53e-06, 5.54e-06,
         (7,31): 5.04e-06, 4.87e-06, 4.21e-06, 3.5e-06, 3.58e-06, 3.02e-06,
         (7,37): 2.62e-06, 2.74e-06, 2.57e-06, 2.26e-06, 2.12e-06,
         (8,0): 0.00088084, 0.00082876, 0.0006298, 0.00052235, 0.00042333,
         (8,5): 0.00032022, 0.00026123, 0.00021479, 0.00017707, 0.00014894,
         (8,10): 0.00012434, 0.00010691, 8.867e-05, 7.723e-05, 6.618e-05,
         (8,15): 5.717e-05, 4.749e-05, 3.995e-05, 3.56e-05, 3.123e-05,
         (8,20): 2.664e-05, 2.201e-05, 2.005e-05, 1.628e-05, 1.497e-05,
         (8,25): 1.28e-05, 1.058e-05, 9.21e-06, 8.05e-06, 7.01e-06, 5.9e-06,
         (8,31): 5.16e-06, 4.85e-06, 4.06e-06, 4.14e-06, 3.61e-06, 3.25e-06,
         (8,37): 2.76e-06, 2.69e-06, 2.43e-06, 2.18e-06, 1.97e-06,
         (9,0): 0.00170881, 0.00157418, 0.00112044, 0.00088414, 0.00068947,
         (9,5): 0.00049203, 0.00037479, 0.00029446, 0.00023621, 0.00018824,
         (9,10): 0.00015543, 0.00012621, 0.00010613, 8.814e-05, 7.439e-05,
         (9,15): 6.172e-05, 5.059e-05, 4.269e-05, 3.776e-05, 3.188e-05,
         (9,20): 2.663e-05, 2.293e-05, 1.961e-05, 1.673e-05, 1.496e-05,
         (9,25): 1.261e-05, 1.108e-05, 9.39e-06, 7.16e-06, 7.32e-06, 5.8e-06,
         (9,31): 5.03e-06, 4.85e-06, 4.52e-06, 3.92e-06, 3.16e-06, 2.93e-06,
         (9,37): 2.77e-06, 2.52e-06, 2.55e-06, 2.28e-06, 2.18e-06,
         (10,0): 0.00313924, 0.00285925, 0.00185346, 0.001385, 0.00100509,
         (10,5): 0.00066335, 0.00048328, 0.00036462, 0.00027449, 0.00021201,
         (10,10): 0.00016769, 0.00013475, 0.00010986, 8.909e-05, 7.362e-05,
         (10,15): 6.063e-05, 5.063e-05, 4.251e-05, 3.546e-05, 3.158e-05,
         (10,20): 2.618e-05, 2.215e-05, 1.944e-05, 1.532e-05, 1.401e-05,
         (10,25): 1.187e-05, 1.072e-05, 8.49e-06, 7.41e-06, 6.54e-06,
         (10,30): 5.99e-06, 4.98e-06, 4.31e-06, 4.62e-06, 4.09e-06, 3.24e-06,
         (10,36): 3.24e-06, 2.99e-06, 2.39e-06, 2.14e-06, 2.14e-06, 1.97e-06,
         (11,0): 0.00537124, 0.00480358, 0.00281653, 0.00195339, 0.00132524,
         (11,5): 0.00079775, 0.00054452, 0.00038712, 0.00028356, 0.00021241,
         (11,10): 0.00016246, 0.00012502, 0.00010136, 8.321e-05, 6.944e-05,
         (11,15): 5.571e-05, 4.705e-05, 4.094e-05, 3.453e-05, 2.823e-05,
         (11,20): 2.454e-05, 2.072e-05, 1.732e-05, 1.511e-05, 1.343e-05,
         (11,25): 1.125e-05, 9.91e-06, 8.98e-06, 7.29e-06, 6.56e-06,
         (11,30): 5.75e-06, 5.61e-06, 4.64e-06, 4.17e-06, 3.58e-06, 3.39e-06,
         (11,36): 3.16e-06, 3.06e-06, 2.58e-06, 2.26e-06, 2.17e-06, 1.87e-06,
         (12,0): 0.00868632, 0.00754528, 0.00390013, 0.00250247, 0.00155941,
         (12,5): 0.00084606, 0.0005458, 0.00036849, 0.00026072, 0.00018924,
         (12,10): 0.00014381, 0.00011412, 9.086e-05, 7.432e-05, 6.242e-05,
         (12,15): 5.067e-05, 4.342e-05, 3.754e-05, 3.217e-05, 2.821e-05,
         (12,20): 2.334e-05, 2.035e-05, 1.721e-05, 1.5e-05, 1.285e-05,
         (12,25): 1.17e-05, 9.48e-06, 8.75e-06, 7.31e-06, 6.07e-06, 5.36e-06,
         (12,31): 5.3e-06, 4.34e-06, 3.98e-06, 3.66e-06, 3.61e-06, 3.19e-06,
         (12,37): 2.61e-06, 2.57e-06, 2.51e-06, 2.03e-06, 1.96e-06,
         (13,0): 0.0130832, 0.0109774, 0.00493718, 0.00288004, 0.0016554,
         (13,5): 0.00081848, 0.00049478, 0.00032528, 0.00022756, 0.00016646,
         (13,10): 0.00012475, 0.00010062, 8.097e-05, 6.717e-05, 5.608e-05,
         (13,15): 4.78e-05, 4.092e-05, 3.518e-05, 2.925e-05, 2.554e-05,
         (13,20): 2.305e-05, 1.975e-05, 1.624e-05, 1.449e-05, 1.34e-05,
         (13,25): 1.112e-05, 9.77e-06, 8.08e-06, 6.9e-06, 6.01e-06, 5.57e-06,
         (13,31): 5.04e-06, 4.46e-06, 3.8e-06, 3.54e-06, 3.57e-06, 3.24e-06,
         (13,37): 2.58e-06, 2.3e-06, 2.18e-06, 1.97e-06, 1.96e-06,
         (14,0): 0.0188486, 0.0151706, 0.00576385, 0.00302553, 0.00157132,
         (14,5): 0.00070274, 0.00041328, 0.00027369, 0.00019317, 0.0001428,
         (14,10): 0.00011136, 8.958e-05, 7.313e-05, 6.199e-05, 5.404e-05,
         (14,15): 4.504e-05, 3.797e-05, 3.326e-05, 2.965e-05, 2.486e-05,
         (14,20): 2.087e-05, 1.85e-05, 1.586e-05, 1.352e-05, 1.239e-05,
         (14,25): 1.075e-05, 8.98e-06, 7.92e-06, 6.79e-06, 5.94e-06,
         (14,30): 5.79e-06, 5.15e-06, 4.38e-06, 4e-06, 3.42e-06, 2.79e-06,
         (14,36): 2.83e-06, 2.69e-06, 2.66e-06, 2.17e-06, 2.21e-06, 1.78e-06,
         (15,0): 0.0256562, 0.01974, 0.00618371, 0.00290989, 0.00137314,
         (15,5): 0.00057838, 0.00033991, 0.00022667, 0.00016315, 0.00012559,
         (15,10): 0.00010106, 8.344e-05, 7.096e-05, 5.865e-05, 5.141e-05,
         (15,15): 4.162e-05, 3.673e-05, 3.192e-05, 2.8e-05, 2.454e-05,
         (15,20): 2.084e-05, 1.828e-05, 1.559e-05, 1.371e-05, 1.322e-05,
         (15,25): 1.018e-05, 8.57e-06, 7.62e-06, 6.79e-06, 5.95e-06,
         (15,30): 5.15e-06, 4.47e-06, 4.13e-06, 3.96e-06, 3.44e-06, 3.54e-06,
         (15,36): 2.8e-06, 2.85e-06, 2.44e-06, 2.09e-06, 2.1e-06, 1.8e-06,
         (16,0): 0.0337303, 0.0245531, 0.00612935, 0.00255426, 0.00110991,
         (16,5): 0.00045977, 0.00028323, 0.00019743, 0.00015153, 0.00011661,
         (16,10): 9.394e-05, 7.891e-05, 6.593e-05, 5.603e-05, 4.89e-05,
         (16,15): 4.008e-05, 3.638e-05, 3.11e-05, 2.68e-05, 2.332e-05,
         (16,20): 1.991e-05, 1.79e-05, 1.574e-05, 1.404e-05, 1.196e-05,
         (16,25): 1.015e-05, 8.96e-06, 7.56e-06, 6.49e-06, 5.45e-06,
         (16,30): 5.76e-06, 5.02e-06, 4.04e-06, 3.92e-06, 3.43e-06, 3.2e-06,
         (16,36): 2.88e-06, 2.47e-06, 2.39e-06, 2.44e-06, 1.96e-06, 1.9e-06,
         (17,0): 0.0427101, 0.029088, 0.00564548, 0.00208369, 0.00085884,
         (17,5): 0.00037959, 0.0002479, 0.0001815, 0.00013972, 0.00011099,
         (17,10): 9.197e-05, 7.745e-05, 6.423e-05, 5.396e-05, 4.704e-05,
         (17,15): 4.05e-05, 3.515e-05, 3.088e-05, 2.667e-05, 2.383e-05,
         (17,20): 2.084e-05, 1.731e-05, 1.461e-05, 1.326e-05, 1.179e-05,
         (17,25): 1.003e-05, 8.55e-06, 7.51e-06, 6.89e-06, 5.4e-06, 4.97e-06,
         (17,31): 4.62e-06, 4.3e-06, 3.93e-06, 3.34e-06, 3.2e-06, 2.87e-06,
         (17,37): 2.79e-06, 2.37e-06, 2.24e-06, 2.13e-06, 1.95e-06,
         (18,0): 0.0523173, 0.03304, 0.00484421, 0.0016218, 0.00067839,
         (18,5): 0.00032652, 0.00022746, 0.00017114, 0.00013406, 0.00010723,
         (18,10): 8.976e-05, 7.45e-05, 6.284e-05, 5.426e-05, 4.798e-05,
         (18,15): 3.87e-05, 3.427e-05, 2.991e-05, 2.589e-05, 2.385e-05,
         (18,20): 2.01e-05, 1.583e-05, 1.484e-05, 1.322e-05, 1.147e-05,
         (18,25): 9.96e-06, 9.05e-06, 7.42e-06, 6.72e-06, 5.43e-06, 4.76e-06,
         (18,31): 4.69e-06, 4.4e-06, 3.79e-06, 3.45e-06, 2.94e-06, 3.08e-06,
         (18,37): 2.8e-06, 2.24e-06, 2.02e-06, 2.05e-06, 1.65e-06,
         (19,0): 0.0620769, 0.0359671, 0.00392955, 0.00124219, 0.00056585,
         (19,5): 0.00030308, 0.00021652, 0.00016679, 0.00013282, 0.00010394,
         (19,10): 8.687e-05, 7.361e-05, 6.137e-05, 5.173e-05, 4.642e-05,
         (19,15): 3.909e-05, 3.37e-05, 3.082e-05, 2.518e-05, 2.287e-05,
         (19,20): 1.942e-05, 1.675e-05, 1.456e-05, 1.307e-05, 1.108e-05,
         (19,25): 9.91e-06, 8.58e-06, 7.8e-06, 6.18e-06, 5.28e-06, 5.24e-06,
         (19,31): 4.74e-06, 3.87e-06, 3.93e-06, 3.42e-06, 2.96e-06, 3.1e-06,
         (19,37): 2.3e-06, 2.16e-06, 2.13e-06, 1.78e-06, 1.89e-06,
         (20,0): 0.0717263, 0.0375935, 0.00301633, 0.00096866, 0.00049941,
         (20,5): 0.00029082, 0.0002123, 0.00016282, 0.00012801, 0.00010444,
         (20,10): 8.709e-05, 7.15e-05, 6.232e-05, 5.324e-05, 4.497e-05,
         (20,15): 3.944e-05, 3.374e-05, 2.87e-05, 2.482e-05, 2.364e-05,
         (20,20): 1.986e-05, 1.607e-05, 1.476e-05, 1.321e-05, 1.138e-05,
         (20,25): 1.035e-05, 8.44e-06, 7.07e-06, 6.61e-06, 5.66e-06,
         (20,30): 5.16e-06, 4.85e-06, 4.21e-06, 3.75e-06, 3.27e-06, 2.94e-06,
         (20,36): 2.8e-06, 2.63e-06, 2.31e-06, 2.31e-06, 2.06e-06, 1.47e-06,
         (21,0): 0.0808637, 0.037445, 0.00221515, 0.00079351, 0.00046074,
         (21,5): 0.00028271, 0.00020928, 0.0001618, 0.00012834, 0.00010436,
         (21,10): 8.676e-05, 7.078e-05, 6.253e-05, 5.31e-05, 4.486e-05,
         (21,15): 3.946e-05, 3.398e-05, 2.864e-05, 2.554e-05, 2.253e-05,
         (21,20): 1.9e-05, 1.681e-05, 1.425e-05, 1.289e-05, 1.138e-05,
         (21,25): 1.037e-05, 8.31e-06, 7.5e-06, 6.22e-06, 5.63e-06, 5.19e-06,
         (21,31): 4.6e-06, 3.87e-06, 3.47e-06, 3.53e-06, 2.96e-06, 2.61e-06,
         (21,37): 2.27e-06, 2.31e-06, 2.2e-06, 2.19e-06, 1.82e-06,
         (22,0): 0.0883413, 0.0358114, 0.00168217, 0.00070324, 0.00044193,
         (22,5): 0.00028277, 0.00020938, 0.00016229, 0.00012843, 0.000105,
         (22,10): 8.486e-05, 7.266e-05, 6.074e-05, 5.358e-05, 4.447e-05,
         (22,15): 3.882e-05, 3.269e-05, 2.928e-05, 2.632e-05, 2.239e-05,
         (22,20): 1.894e-05, 1.651e-05, 1.432e-05, 1.222e-05, 1.179e-05,
         (22,25): 9.79e-06, 8.06e-06, 6.93e-06, 6.44e-06, 5.78e-06, 5.25e-06,
         (22,31): 4.25e-06, 3.82e-06, 3.44e-06, 3.54e-06, 2.93e-06, 2.74e-06,
         (22,37): 2.44e-06, 2.73e-06, 2.14e-06, 1.97e-06, 1.84e-06,
         (23,0): 0.0938365, 0.0327488, 0.00134214, 0.00066383, 0.00043613,
         (23,5): 0.00028172, 0.00020886, 0.00016261, 0.00012756, 0.0001037,
         (23,10): 8.701e-05, 7.156e-05, 6.119e-05, 5.123e-05, 4.543e-05,
         (23,15): 3.869e-05, 3.292e-05, 2.914e-05, 2.575e-05, 2.261e-05,
         (23,20): 1.901e-05, 1.66e-05, 1.361e-05, 1.23e-05, 1.089e-05,
         (23,25): 9.66e-06, 8.43e-06, 7.46e-06, 6.53e-06, 5.55e-06, 5.33e-06,
         (23,31): 4.67e-06, 3.84e-06, 3.66e-06, 3.41e-06, 2.92e-06, 2.84e-06,
         (23,37): 2.23e-06, 2.3e-06, 2.21e-06, 2.08e-06, 1.92e-06,
         (24,0): 0.096975, 0.0287292, 0.00115209, 0.00064481, 0.00043852,
         (24,5): 0.00028139, 0.00021553, 0.00016249, 0.00012992, 0.00010587,
         (24,10): 8.775e-05, 7.305e-05, 6.089e-05, 5.279e-05, 4.574e-05,
         (24,15): 3.944e-05, 3.474e-05, 2.958e-05, 2.636e-05, 2.249e-05,
         (24,20): 1.913e-05, 1.716e-05, 1.421e-05, 1.274e-05, 1.078e-05,
         (24,25): 1.007e-05, 8.51e-06, 7.51e-06, 6.43e-06, 5.42e-06,
         (24,30): 5.11e-06, 4.44e-06, 3.96e-06, 3.67e-06, 3.4e-06, 3.08e-06,
         (24,36): 2.47e-06, 2.33e-06, 2.24e-06, 2.05e-06, 1.93e-06, 1.93e-06
         }
      }
   }
}
}
